74 
74 
73 
73 
73 
73 
73 
73 
71 
71 
71 
71 
71 
71 
71 
71 
71 
72 
72 
72 
71 
71 
71 
71 
70 
70 
70 
70 
70 
70 
70 
71 
74 
73 
73 
73 
72 
71 
71 
71 
68 
69 
69 
70 
70 
71 
71 
71 
73 
73 
73 
73 
72 
72 
71 
71 
73 
71 
71 
71 
69 
69 
68 
67 
72 
71 
71 
71 
71 
71 
71 
71 
69 
69 
69 
69 
69 
69 
69 
69 
68 
68 
68 
67 
67 
67 
66 
66 
65 
65 
64 
64 
64 
63 
63 
63 
63 
63 
63 
63 
63 
63 
63 
63 
62 
62 
62 
62 
62 
62 
62 
62 
62 
62 
62 
62 
60 
60 
60 
59 
58 
58 
58 
57 
57 
56 
56 
56 
58 
58 
58 
56 
56 
56 
56 
56 
55 
55 
55 
55 
55 
55 
55 
55 
54 
54 
54 
54 
54 
54 
54 
54 
53 
53 
53 
53 
53 
53 
53 
53 
54 
55 
55 
55 
55 
55 
55 
55 
52 
52 
52 
52 
52 
52 
52 
52 
53 
53 
53 
53 
53 
53 
53 
53 
53 
53 
53 
53 
53 
53 
53 
53 
53 
53 
53 
53 
53 
53 
53 
53 
53 
53 
53 
53 
53 
53 
53 
53 
53 
53 
53 
53 
53 
53 
53 
53 
53 
53 
53 
53 
53 
53 
53 
53 
53 
53 
53 
53 
53 
53 
53 
53 
53 
53 
53 
53 
53 
53 
53 
53 
54 
54 
54 
54 
54 
54 
54 
54 
53 
53 
53 
53 
54 
54 
54 
54 
55 
55 
55 
