9 742
920 833
16 66
490 391
870 867
940 948
50 633
580 505
333 964
281 263
554 455
546 468
63 910
358 999
628 542
652 695
434 644
580 562
149 368
861 978
877 555
944 844
250 503
20 243
494 359
724 619
663 655
750 666
292 909
718 804
16 255
426 86
989 495
431 130
444 309
420 381
210 851
213 518
300 719
275 9
710 108
938 858
200 938
907 405
467 63
27 581
459 718
508 348
165 255
18 331
18 487
329 850
708 658
693 794
849 454
617 249
366 786
692 566
838 174
825 453
707 741
303 101
540 224
665 64
472 45
637 539
633 48
810 440
236 576
542 616
257 126
382 380
102 361
971 677
657 318
145 850
621 542
80 251
324 847
32 484
446 448
729 20
689 447
153 406
914 366
138 815
219 766
507 90
349 498
509 784
912 327
569 836
376 154
576 806
978 275
579 198
416 976
252 156
993 989
13 509
421 251
304 576
143 414
454 266
564 788
956 527
731 779
170 690
397 33
758 359
79 202
873 463
966 302
616 452
530 449
110 477
694 79
847 436
543 959
360 69
226 751
942 506
883 489
621 126
364 492
506 926
75 406
778 807
935 25
140 227
620 219
764 846
692 699
25 352
337 296
890 164
304 836
317 369
544 121
352 662
516 75
916 571
125 206
758 261
724 209
431 995
526 468
127 815
632 813
773 335
853 169
74 181
862 418
608 651
65 884
469 787
582 484
836 318
726 235
413 827
220 543
11 850
152 210
183 394
290 128
315 48
292 99
242 488
147 801
94 9
903 297
370 189
849 353
26 470
317 899
103 7
640 178
847 241
43 704
516 253
929 969
251 506
797 149
89 495
736 985
737 219
922 656
57 595
94 9
998 988
443 457
324 42
151 730
427 504
919 283
6 409
373 362
701 614
618 231
142 272
228 899
248 409
161 106
824 470
116 172
944 952
591 706
868 676
250 903
150 327
835 133
669 773
167 794
466 628
176 34
763 701
248 863
483 595
300 29
873 783
44 27
40 794
354 456
432 388
921 170
634 286
328 677
354 67
183 377
560 924
537 557
143 396
907 659
50 144
124 964
163 932
957 685
910 602
499 130
470 396
939 394
710 76
269 187
435 977
548 688
984 229
405 576
306 406
646 769
309 546
897 148
558 894
497 419
395 511
203 696
575 418
873 368
195 210
707 712
193 161
647 230
419 161
659 483
644 122
856 64
228 407
450 439
218 76
325 963
13 851
746 131
636 143
10 811
583 624
330 379
205 313
887 435
527 686
284 679
845 834
794 344
831 224
792 468
903 624
363 679
573 996
119 258
675 299
967 907
355 606
465 92
413 98
237 896
653 429
440 875
197 100
900 642
823 540
874 948
437 488
91 159
260 515
419 213
14 46
615 696
671 796
385 604
291 915
153 900
894 62
694 328
820 521
941 845
586 861
217 133
780 821
708 385
9 255
149 909
804 351
83 987
676 953
929 674
982 902
114 431
25 448
254 141
434 129
942 842
489 737
53 826
420 975
743 575
971 258
686 569
332 848
523 211
728 494
418 910
621 233
161 634
37 501
202 194
591 460
950 143
653 377
253 136
982 877
444 801
748 146
118 497
416 975
646 728
637 883
507 161
18 517
53 812
908 787
559 143
908 321
574 726
340 573
793 721
616 657
618 133
155 665
636 237
239 141
652 363
425 8
797 425
740 866
879 733
61 763
223 493
135 722
605 727
800 773
594 84
379 409
97 37
456 677
840 718
817 258
534 99
566 109
759 409
259 432
678 94
600 701
730 523
785 709
468 744
263 241
448 969
856 502
738 904
898 166
971 875
230 437
540 80
514 777
274 430
575 566
355 750
381 529
24 129
43 531
3 3
643 432
322 737
997 576
117 823
411 470
909 957
694 600
941 915
943 726
630 586
56 358
765 253
708 758
456 912
851 940
681 191
67 83
825 987
588 935
673 41
442 811
477 523
953 97
570 138
436 322
218 820
670 398
325 315
333 558
18 855
523 959
159 693
415 122
437 935
476 459
799 502
816 767
604 677
119 321
979 448
97 750
143 317
681 551
707 113
992 679
111 718
738 46
420 284
711 525
813 574
644 691
678 846
875 32
625 835
136 864
279 698
942 81
612 875
954 113
606 446
869 762
775 806
704 695
937 436
499 228
481 207
606 984
287 338
180 190
285 726
781 821
606 746
739 509
10 304
719 419
743 115
596 799
689 270
996 907
741 549
3 678
914 682
241 658
858 473
203 411
736 621
660 330
585 303
936 344
824 492
737 543
629 542
790 901
174 270
792 114
353 488
895 517
688 159
261 1
646 675
169 750
233 104
982 189
400 546
965 252
255 637
905 523
33 849
281 838
493 278
563 788
316 972
599 199
554 343
210 341
699 761
748 614
976 536
788 7
258 577
938 783
606 949
181 904
514 620
582 424
783 79
381 136
503 954
219 373
137 17
232 437
554 10
597 300
806 892
180 824
856 199
487 841
822 20
127 502
353 293
190 132
52 536
918 104
738 81
75 198
236 742
767 858
307 862
285 456
203 388
400 488
217 601
620 684
559 912
597 564
926 542
47 322
483 290
446 370
404 625
472 564
292 925
623 605
541 686
363 850
286 321
447 46
318 673
634 990
272 539
585 148
328 735
315 169
436 523
766 119
910 322
624 869
617 214
208 715
169 313
366 369
352 66
224 52
463 230
503 721
666 125
146 508
447 862
137 507
840 270
580 270
919 837
500 474
234 105
994 199
55 967
280 23
801 7
701 24
979 552
653 795
780 668
935 637
964 149
569 518
871 800
121 481
656 761
285 787
735 407
518 568
390 801
768 170
976 377
677 523
683 544
722 949
831 250
906 799
815 211
418 507
272 3
758 142
64 614
74 872
657 935
218 301
854 430
245 59
93 415
784 308
950 573
104 270
907 494
378 994
424 361
942 898
964 310
153 686
416 845
482 145
712 889
528 383
688 630
577 290
777 977
254 413
412 167
333 504
503 569
271 189
309 606
844 467
274 161
339 745
472 829
807 141
179 174
318 70
388 337
307 350
292 159
615 68
191 319
699 513
59 722
801 626
713 346
580 645
939 613
645 919
247 870
560 517
819 77
454 586
705 952
499 545
77 906
299 315
269 411
705 978
584 745
552 511
666 677
750 449
567 497
534 616
853 968
700 281
496 662
934 122
952 34
897 369
677 473
34 392
814 526
303 235
798 206
173 325
224 160
474 248
405 189
997 443
356 52
173 97
481 306
592 144
160 840
926 367
579 357
612 508
555 901
893 740
292 754
678 748
701 210
320 832
646 377
932 746
609 441
370 213
454 928
91 850
690 17
296 739
376 436
194 910
12 10
859 69
67 116
380 499
198 12
537 41
585 62
762 139
31 920
131 996
200 992
927 945
158 445
328 804
836 832
538 816
192 948
33 381
762 796
191 500
613 836
891 141
695 324
511 438
756 968
48 936
983 42
428 869
435 396
398 236
134 281
701 944
895 276
695 725
658 843
392 941
562 725
527 978
319 481
571 269
712 689
393 639
634 935
290 261
185 839
563 57
319 525
340 751
179 944
645 37
979 616
789 751
989 572
646 290
746 703
630 687
620 187
887 66
698 302
969 339
97 901
789 948
846 622
709 429
425 138
59 837
516 555
560 826
325 275
822 395
599 237
976 251
224 423
232 832
54 320
361 213
115 174
334 173
811 708
898 674
204 434
402 533
542 645
248 334
26 817
921 37
215 804
497 794
755 356
349 139
295 780
122 572
206 643
364 884
488 693
826 917
178 335
280 116
432 877
156 410
341 718
181 546
266 274
145 116
238 802
839 73
349 714
508 304
899 755
33 353
787 803
476 327
267 809
54 3
970 859
494 463
542 586
900 832
135 993
472 985
488 578
820 307
855 2
375 801
442 118
172 435
492 574
202 577
416 448
301 426
582 744
765 869
924 262
749 465
311 921
95 976
578 891
790 401
557 533
412 422
410 269
365 643
564 852
187 73
57 845
43 505
98 459
841 508
272 514
920 899
689 792
764 99
603 877
531 803
608 810
137 801
867 670
875 73
835 31
679 959
181 983
986 480
526 12
890 996
929 268
285 175
806 888
760 864
684 137
509 777
568 345
671 72
902 252
184 477
312 278
294 885
573 238
353 478
211 187
216 685
496 382
932 684
141 801
732 56
965 894
635 10
636 731
431 804
395 796
755 190
643 610
944 1
736 986
47 677
441 617
651 198
132 407
165 476
511 969
391 195
845 836
804 543
653 335
967 604
713 856
732 438
886 353
909 661
735 996
422 675
143 709
395 592
718 56
504 949
908 74
584 0
52 348
362 232
635 605
897 586
553 607
243 27
198 846
301 487
657 964
45 961
885 184
248 499
926 503
917 856
499 644
689 465
35 437
100 125
701 534
668 828
330 922
865 422
454 502
296 607
79 512
236 70
645 536
74 215
219 87
588 837
788 213
681 84
266 111
562 318
683 425
560 380
21 599
388 207
860 819
207 119
905 730
227 196
37 879
337 75
86 301
917 652
761 703
135 90
777 770
972 98
518 894
452 328
858 600
821 782
336 532
104 854
758 97
234 417
317 333
566 385
734 339
752 413
199 505
229 683
854 975
2 803
14 333
58 728
864 349
852 970
907 993
964 683
823 790
689 631
686 97
119 719
468 88
926 583
137 860
434 566
44 749
76 191
458 215
921 374
551 428
922 412
237 331
60 911
539 143
936 388
447 379
262 854
79 596
949 283
173 551
590 717
681 277
66 71
707 555
649 560
993 119
917 941
701 985
262 114
139 958
607 360
545 235
249 70
384 840
319 985
619 442
369 310
126 437
757 442
328 682
754 856
747 862
175 666
244 707
44 603
342 195
479 37
100 802
474 687
455 491
746 513
124 637
739 794
994 40
219 890
226 467
509 492
936 23
14 126
753 26
173 196
429 741
846 97
871 686
928 688
923 381
392 811
48 625
573 353
693 51
669 581
249 94
552 509
933 668
436 440
525 317
320 443
704 644
150 806
795 882
898 866
444 39
96 478
86 133
269 139
425 136
844 876
652 59
124 682
141 789
424 383
959 964
151 634
190 184
349 242
143 387
274 214
396 920
985 931
646 506
596 808
107 886
622 183
27 403
529 989
982 536
177 316
400 199
1 790
7 34
853 446
132 283
311 761
248 640
333 475
474 558
387 287
222 53
173 566
679 709
904 444
136 759
577 719
64 31
502 210
996 793
748 505
386 425
793 206
427 279
395 299
23 259
840 473
504 622
575 441
784 873
751 32
612 1
487 960
574 779
118 389
789 525
108 397
632 518
408 820
683 310
643 414
88 49
453 998
249 199
358 575
157 640
104 241
602 967
755 759
963 76
145 862
809 918
220 984
774 273
604 306
24 668
997 483
403 214
88 230
474 91
801 161
791 225
665 527
929 752
373 955
366 329
15 366
737 125
819 947
893 482
965 409
715 450
361 57
576 588
443 577
523 295
632 207
318 228
900 618
602 220
621 509
632 562
688 141
741 762
859 158
637 249
907 73
580 679
551 737
624 83
276 110
459 973
259 73
473 258
872 977
420 91
691 733
480 807
724 931
84 531
507 537
133 223
910 746
162 307
671 315
971 849
949 478
907 980
842 543
704 234
780 37
512 782
992 827
503 873
284 216
750 906
379 660
382 595
591 148
101 982
202 399
680 656
421 761
746 333
757 752
332 388
586 270
726 172
146 343
468 951
358 211
516 750
75 686
23 869
324 430
759 281
142 716
224 815
948 543
649 743
524 654
549 264
385 580
165 765
762 952
784 473
771 638
182 856
643 200
569 630
390 321
750 939
940 652
178 415
922 680
544 618
951 623
258 183
873 143
30 298
361 216
35 952
180 951
571 942
579 834
12 701
598 445
786 388
493 173
831 623
31 995
150 990
758 388
700 313
274 638
472 898
213 277
140 211
71 111
764 426
596 876
143 58
659 2
532 989
679 368
575 151
563 282
907 124
417 28
290 828
180 250
971 158
808 168
732 850
302 277
633 652
620 502
467 382
812 392
211 29
292 445
977 791
406 139
121 443
81 513
853 986
551 827
497 60
312 40
314 318
24 651
304 123
564 703
127 968
899 982
72 724
410 500
477 344
280 599
277 299
348 929
317 354
108 561
272 286
343 399
31 70
756 399
236 271
21 128
907 424
359 718
387 219
491 444
692 689
201 197
962 741
571 949
89 44
241 76
616 443
36 867
202 642
316 194
67 992
797 777
233 599
463 438
915 585
510 382
110 786
90 743
709 976
783 133
377 713
103 500
802 604
206 190
252 883
887 212
534 343
918 2
935 956
317 791
977 590
659 466
394 836
625 11
153 140
999 161
870 96
751 696
429 696
119 998
549 184
485 61
860 538
854 811
485 503
88 624
916 163
273 504
81 422
392 283
644 66
682 601
360 473
767 801
51 415
486 507
564 713
726 925
830 28
63 795
532 792
848 827
101 926
978 888
883 136
269 37
326 745
978 68
278 901
336 383
313 314
539 55
482 254
754 419
179 114
216 668
828 920
661 486
620 898
309 433
615 347
738 561
136 633
318 139
769 283
11 586
353 639
190 632
54 368
617 432
740 334
897 28
68 62
495 194
424 92
554 773
37 806
109 345
498 579
509 438
545 67
407 217
331 104
263 48
513 622
427 820
600 151
209 596
820 939
382 279
417 150
146 658
550 505
296 147
627 894
649 477
28 478
971 126
199 581
638 765
426 969
360 711
336 958
170 908
62 46
187 341
296 639
803 729
194 517
506 161
532 514
977 888
749 587
985 127
931 869
572 600
538 367
193 433
84 538
547 691
640 495
140 948
549 823
158 746
880 457
315 153
940 375
717 422
642 474
560 541
226 160
71 720
233 858
300 121
3 907
556 722
346 638
2 403
151 431
827 820
233 253
898 556
908 806
845 953
588 68
944 424
106 414
360 951
534 490
122 577
741 473
93 434
77 444
902 747
407 46
107 185
212 146
497 609
748 294
481 935
34 839
145 335
620 680
112 931
409 157
700 407
276 341
807 609
672 120
566 60
340 484
44 191
954 150
415 986
27 560
498 249
141 38
307 572
71 5
445 957
931 301
904 420
301 542
792 919
76 490
556 854
535 490
136 311
234 900
92 165
873 714
214 590
708 990
406 397
787 61
465 445
812 442
440 927
307 37
593 390
409 387
726 681
296 967
557 369
5 497
265 59
135 566
934 544
640 569
482 115
354 985
490 395
939 570
611 514
572 480
970 165
430 490
70 60
790 515
5 76
91 663
36 84
989 316
875 581
552 726
175 230
682 608
522 462
841 599
784 195
632 921
668 739
308 719
643 249
370 127
318 498
955 893
806 696
98 394
771 990
166 189
726 518
635 618
776 120
454 144
161 27
48 640
877 497
82 378
565 774
715 794
90 585
470 763
343 782
919 162
272 483
607 767
669 722
174 472
219 31
353 438
77 802
404 771
471 175
969 12
91 364
994 364
128 874
683 626
480 504
164 604
8 356
181 275
677 323
211 481
733 140
754 488
396 280
307 220
72 164
825 12
775 18
166 918
920 789
515 145
183 756
336 934
61 257
528 377
719 610
985 957
181 583
282 614
118 493
390 747
754 906
145 779
536 474
752 695
938 642
757 64
182 939
963 298
262 489
999 282
129 765
992 836
643 79
201 449
3 440
76 574
36 495
833 96
822 970
455 863
102 560
914 136
339 421
830 464
586 477
819 509
541 780
986 519
647 702
950 167
483 626
278 855
422 684
202 451
986 948
76 750
84 329
826 960
584 841
745 966
531 693
852 354
954 617
276 797
937 410
306 26
286 291
699 669
96 505
436 716
442 653
439 917
932 83
276 912
211 41
307 430
504 569
368 962
199 738
665 159
705 52
524 290
972 947
68 25
993 950
126 772
903 768
87 315
750 847
689 449
582 899
373 247
433 353
818 484
174 344
743 555
895 292
965 302
702 306
905 626
731 291
273 578
985 244
125 825
786 228
360 570
352 264
590 898
390 644
984 152
142 371
126 331
596 681
861 486
698 583
449 800
141 991
284 407
65 768
448 21
273 724
993 819
849 952
863 630
967 468
363 279
199 27
687 527
182 429
155 274
786 499
501 875
272 331
440 305
189 766
441 641
657 181
470 284
929 587
887 315
668 895
786 415
737 952
90 342
175 558
895 179
388 511
652 572
386 479
429 634
167 164
511 885
603 337
541 670
280 224
848 753
749 422
566 499
516 825
22 672
845 981
539 24
762 808
751 538
428 491
346 66
173 394
627 575
456 46
598 152
190 192
719 977
147 128
814 936
896 64
196 341
681 730
948 177
458 89
133 118
862 471
159 583
985 90
477 537
543 516
978 523
547 788
38 874
780 983
123 984
301 819
811 102
316 189
861 551
934 785
463 582
297 482
782 715
441 155
308 219
175 309
121 350
71 577
61 332
17 305
956 978
987 747
396 633
437 630
187 137
405 831
893 364
859 637
228 301
215 228
160 531
578 871
874 513
547 866
835 864
675 303
650 262
810 471
198 545
875 676
249 935
990 364
366 592
590 168
460 726
346 454
26 779
959 772
726 204
357 158
201 445
320 1
485 261
459 121
794 139
448 304
469 329
339 560
850 88
280 731
4 917
402 713
762 962
741 698
108 160
718 764
254 979
434 615
844 942
684 327
16 113
187 914
215 944
3 331
570 302
403 798
404 418
855 853
176 545
566 922
789 660
447 429
347 763
247 177
56 586
375 458
415 162
572 722
729 947
526 324
774 682
413 728
237 246
473 993
634 383
753 139
480 832
422 705
392 324
673 606
552 15
714 850
639 71
299 63
888 123
892 389
270 298
448 467
791 263
856 990
995 28
374 863
534 813
125 808
788 582
607 407
941 367
719 111
594 623
512 395
518 31
845 180
584 688
627 381
761 880
204 437
441 424
949 492
175 50
866 530
496 922
393 740
702 89
4 585
669 994
875 828
547 7
265 322
807 547
54 655
715 582
317 660
644 516
678 547
802 71
559 558
731 118
591 117
260 174
787 351
51 824
660 59
543 467
561 407
49 268
977 129
863 635
59 491
302 103
746 900
455 181
179 925
966 645
977 170
911 925
115 226
482 146
195 136
785 908
275 299
678 402
932 226
818 614
359 268
132 218
319 311
583 762
534 327
464 900
7 650
590 422
332 298
426 687
721 995
889 833
16 597
87 197
367 259
607 407
47 293
649 51
246 660
506 513
799 500
282 981
889 431
874 362
149 855
140 872
460 923
648 826
993 638
460 829
946 661
660 447
484 608
850 492
591 642
720 367
216 148
195 143
279 967
282 448
880 225
672 515
317 633
726 16
244 262
468 403
549 214
281 709
631 291
298 821
635 378
591 646
88 711
308 571
281 139
439 928
668 167
325 898
181 118
498 610
875 509
112 182
40 54
183 17
46 855
807 13
872 108
666 677
855 132
981 143
215 642
376 898
186 250
428 229
154 792
141 824
356 995
112 895
195 743
486 204
355 83
217 507
248 888
895 869
22 860
829 669
618 62
302 231
776 474
332 106
790 191
78 491
993 232
978 660
543 656
181 181
13 265
161 370
922 430
566 404
155 79
261 117
240 101
528 110
311 879
646 363
856 669
70 914
385 539
17 831
826 56
205 404
611 655
991 895
269 565
681 548
191 941
940 149
50 584
543 263
31 705
305 223
335 0
52 549
267 205
787 384
702 560
597 642
39 14
154 772
115 711
877 109
130 637
91 591
929 687
243 499
472 231
966 607
661 313
601 93
673 22
873 757
345 672
806 205
248 606
51 385
267 938
901 438
573 25
657 499
44 474
395 633
539 707
309 594
713 320
165 785
2 750
882 320
845 247
456 488
558 895
177 44
981 902
438 735
182 303
911 783
474 361
944 98
734 347
341 496
891 157
135 481
486 420
215 833
272 263
42 888
657 152
749 991
961 917
51 208
759 568
845 357
749 883
937 100
91 640
791 250
739 8
543 813
189 34
991 286
916 582
468 423
225 315
774 393
895 110
242 378
862 492
778 756
148 929
367 393
312 578
410 718
553 248
295 422
471 862
659 833
280 653
279 116
382 894
517 115
151 264
83 76
957 410
519 213
398 43
865 273
95 352
743 999
77 70
700 331
596 377
922 785
780 44
427 72
776 66
802 411
617 284
127 446
571 468
899 423
909 353
704 882
271 428
125 810
503 554
481 805
357 323
277 151
120 979
503 401
888 47
940 3
557 426
262 944
295 8
774 474
608 107
28 142
40 772
381 105
239 132
764 954
680 179
940 402
148 498
740 601
796 788
36 771
291 530
319 803
91 879
794 383
567 208
692 284
361 553
126 459
446 124
549 668
790 931
686 98
696 296
313 408
181 979
217 58
748 627
771 566
982 433
629 860
378 610
889 853
332 211
233 680
194 433
245 915
512 761
852 335
348 654
503 868
556 42
636 832
678 567
193 858
592 757
207 548
545 687
754 400
112 921
134 201
772 621
668 437
500 662
957 66
64 508
230 879
727 906
700 293
674 316
106 846
377 909
713 244
325 168
528 861
229 365
980 453
685 598
273 60
12 290
386 706
92 146
357 345
640 235
842 34
153 963
438 474
857 983
891 982
652 364
394 412
275 189
252 724
187 629
925 152
134 877
474 600
593 440
620 248
301 428
54 342
905 252
988 766
920 508
508 417
447 781
641 310
906 314
917 767
912 866
359 623
788 86
886 482
477 685
629 350
552 391
47 201
476 207
196 59
286 820
589 901
79 969
268 354
147 860
968 797
547 812
256 467
957 87
773 90
569 994
701 259
832 762
629 756
393 579
911 232
740 455
413 715
130 369
844 425
852 987
188 654
155 860
631 219
992 318
312 16
214 135
495 125
644 686
794 310
559 633
157 710
664 453
821 834
866 541
649 177
710 54
386 875
90 755
213 192
311 652
239 314
898 228
609 342
862 275
859 631
936 593
61 227
43 821
908 162
837 165
66 348
474 694
626 923
79 359
602 545
697 769
777 506
399 745
515 221
421 145
939 415
395 963
696 601
158 608
795 996
973 41
424 682
30 44
763 726
906 888
37 214
230 548
943 968
868 277
326 11
89 183
96 519
24 439
470 424
423 62
858 863
721 88
922 305
796 669
142 604
499 448
399 984
358 143
240 538
744 842
98 111
466 943
258 494
127 532
269 830
552 703
800 451
440 811
633 51
554 180
434 806
2 493
511 109
593 904
501 290
613 734
222 161
288 319
538 53
456 644
552 37
855 19
45 608
244 370
340 672
690 688
32 275
543 137
534 231
279 224
46 383
578 674
802 649
52 104
144 371
747 61
485 573
246 1
811 111
460 277
932 854
651 504
887 652
466 538
339 766
129 695
986 210
655 966
48 72
156 666
3 248
184 120
109 740
700 378
567 736
328 164
937 671
948 445
208 199
27 49
135 673
917 948
921 90
380 337
573 773
529 804
603 484
168 117
335 156
793 150
348 577
72 782
58 738
231 367
226 415
771 69
841 992
484 49
12 503
665 564
404 640
235 824
690 736
545 395
20 516
933 517
440 500
668 5
408 216
211 790
966 953
384 424
714 771
807 868
675 393
478 80
203 338
635 68
798 659
380 956
659 293
592 183
387 760
236 287
202 40
664 42
708 167
539 288
954 675
156 710
117 329
163 667
42 378
687 777
951 301
722 382
853 270
610 355
526 541
648 741
833 762
734 650
987 568
125 654
400 143
173 151
803 878
584 997
866 816
721 303
966 639
529 146
913 775
427 979
217 492
225 830
100 942
629 648
668 828
476 474
765 391
792 271
988 233
54 328
563 717
592 125
450 576
283 72
24 984
11 501
75 116
269 908
676 453
925 570
566 852
682 980
704 484
319 117
417 48
563 571
892 760
523 301
268 480
374 639
242 82
698 570
276 686
765 141
408 478
726 688
594 703
973 827
210 29
121 475
626 373
857 989
486 401
340 85
308 576
948 913
798 564
424 641
486 96
914 890
785 514
41 780
383 837
103 25
987 178
165 167
942 952
358 431
920 409
930 470
713 623
60 76
333 7
957 604
391 940
130 795
167 831
172 821
358 942
735 164
610 395
21 218
949 759
476 401
411 863
13 488
188 701
518 665
358 529
130 617
471 970
815 688
857 319
488 826
967 99
285 261
295 457
552 388
489 860
297 522
46 851
909 371
692 658
577 872
794 260
605 345
231 168
279 985
264 338
262 12
681 851
617 916
899 147
758 708
727 550
431 772
90 845
770 87
442 967
711 473
736 480
184 652
662 376
588 221
739 94
292 403
229 903
43 848
222 634
935 180
786 822
629 477
679 790
580 875
214 564
839 131
617 171
193 442
854 433
253 285
739 645
980 919
666 886
859 131
167 93
211 74
879 59
394 622
124 13
155 712
271 7
97 632
581 703
562 819
844 572
234 721
127 751
325 823
1 592
41 259
47 476
82 863
177 573
912 775
610 315
911 310
669 626
838 342
643 683
354 158
466 952
475 657
944 322
390 45
569 45
549 9
349 119
877 291
174 909
118 624
496 878
864 349
489 604
860 286
459 568
392 805
344 661
368 341
870 744
609 551
195 662
559 117
666 831
986 837
622 234
628 513
783 896
558 548
835 589
716 71
863 357
870 142
126 251
521 908
688 784
709 510
726 786
695 366
766 35
634 487
531 412
274 833
110 105
674 597
66 390
102 963
788 594
347 985
946 667
758 848
663 219
554 130
572 458
30 430
56 163
414 191
698 235
104 169
758 856
722 150
335 742
235 808
349 136
679 424
503 548
583 767
626 136
536 818
394 644
618 867
352 496
980 406
717 192
614 921
183 973
280 672
818 613
241 576
64 149
322 282
515 463
252 626
354 399
415 256
346 242
733 822
111 321
590 324
900 698
53 609
712 896
522 291
945 596
770 121
93 348
564 886
190 907
701 272
262 256
783 858
908 308
325 95
429 542
562 641
887 561
579 409
81 610
458 175
943 442
380 651
237 522
525 301
298 536
83 675
639 660
832 777
47 592
332 534
578 304
586 556
573 590
337 80
436 641
463 227
58 671
849 728
704 705
157 327
92 238
300 153
484 714
586 133
524 544
904 947
468 598
877 703
342 680
920 503
558 64
672 320
27 892
935 335
341 312
781 500
159 526
169 147
134 763
598 854
355 772
643 957
118 960
554 288
907 728
134 910
874 28
127 366
681 712
848 735
636 767
11 859
800 375
723 217
101 461
858 531
579 810
364 773
254 471
35 952
468 556
541 957
213 231
931 245
37 363
243 153
23 807
832 950
114 689
208 811
768 546
351 566
796 124
563 795
708 754
103 606
16 382
75 348
818 912
788 37
438 774
528 861
268 479
293 515
219 765
858 193
464 530
198 789
327 641
24 239
257 281
70 132
568 117
962 210
567 624
698 630
21 336
23 18
83 375
272 107
27 130
352 282
388 771
581 841
52 146
907 208
13 300
384 912
627 602
337 257
212 230
29 111
641 833
32 674
53 168
19 710
939 472
50 119
149 871
54 561
874 190
124 160
31 604
325 604
258 140
855 319
451 906
981 841
947 977
75 459
937 537
77 811
147 871
831 96
458 46
463 527
186 949
803 437
8 64
5 526
316 891
550 349
849 836
354 148
147 945
120 662
600 778
357 940
634 408
721 725
508 518
26 817
939 295
520 736
279 97
833 342
610 16
973 187
617 589
244 96
400 72
351 387
618 428
837 287
105 786
263 638
59 361
254 785
342 261
67 105
821 661
119 614
44 834
124 256
904 204
116 789
963 86
936 394
902 870
92 853
359 406
681 818
582 422
795 981
627 342
452 248
554 798
472 477
9 57
987 101
201 569
264 762
579 716
188 563
541 32
530 838
149 363
647 907
654 862
593 461
585 194
132 452
501 324
565 498
922 629
458 923
938 885
817 592
249 81
705 125
30 154
391 482
323 913
585 359
26 384
960 19
960 402
777 127
327 365
972 750
990 655
418 504
187 895
736 55
532 462
769 665
738 21
747 456
912 240
368 55
91 772
272 718
57 477
509 335
639 131
31 809
910 398
961 748
893 119
812 199
13 369
106 655
977 192
270 705
812 225
546 690
112 586
737 589
508 395
198 725
917 606
980 523
705 586
168 681
176 694
436 808
764 708
430 687
394 612
464 445
640 675
656 82
298 467
395 401
360 989
398 296
283 852
589 403
352 108
263 678
795 995
834 169
648 311
131 473
581 696
665 324
36 790
451 469
728 830
422 194
758 858
107 938
495 943
993 770
690 779
759 538
919 14
61 772
553 936
355 308
772 476
273 30
431 771
129 140
123 172
522 207
870 458
311 425
25 798
159 681
976 343
310 110
587 216
4 143
160 577
925 914
836 992
825 451
282 673
876 807
147 299
768 186
351 478
209 350
146 882
121 390
98 241
94 130
784 216
153 779
637 81
880 57
55 597
919 282
69 552
786 998
799 30
526 913
881 997
681 961
378 202
814 425
127 72
197 989
829 870
59 911
712 761
246 930
349 490
452 884
527 321
245 897
24 794
69 605
237 559
359 626
576 614
166 588
696 900
461 129
755 114
874 45
831 624
958 76
278 879
457 425
416 123
11 271
637 33
430 750
611 332
554 65
4 446
241 109
996 414
637 180
698 429
350 651
541 70
472 393
809 53
796 505
289 30
366 545
631 498
544 572
522 485
797 349
568 411
703 494
172 533
997 823
969 606
535 938
336 963
156 663
86 75
399 532
722 507
37 495
869 789
874 31
51 577
829 439
881 996
281 749
696 569
725 162
753 214
613 386
40 328
362 255
358 857
25 345
778 249
200 481
856 978
22 590
229 865
379 183
362 466
533 850
527 531
988 653
409 436
833 675
735 884
659 193
49 320
569 57
850 576
479 287
40 290
883 682
649 228
319 245
905 932
852 279
185 121
404 568
402 696
737 525
754 744
61 853
454 463
689 284
817 40
18 512
740 653
721 779
927 314
577 945
742 50
998 18
447 206
572 370
675 34
774 855
228 250
801 963
46 366
944 842
816 586
105 182
917 145
863 785
702 395
690 954
818 252
28 21
577 575
541 108
973 963
689 858
538 908
328 906
936 349
190 587
311 85
780 599
170 88
471 644
870 672
248 66
181 587
364 742
934 950
805 182
520 146
824 694
631 614
304 883
645 349
883 110
485 642
763 796
276 881
304 35
888 40
220 959
518 574
496 374
831 746
77 648
643 487
589 795
169 494
306 750
796 309
311 437
82 215
527 316
418 469
954 839
932 91
863 130
230 349
510 380
907 539
821 378
310 203
758 561
912 606
199 715
495 22
594 166
871 767
454 897
885 338
614 977
737 810
344 731
516 593
328 426
523 602
878 899
203 589
173 127
805 862
758 106
643 54
453 330
340 111
681 857
140 826
538 102
296 876
46 33
825 528
933 678
135 902
374 860
799 717
505 903
888 708
974 370
626 288
670 233
72 65
561 637
288 277
815 73
161 665
339 661
940 925
445 809
150 31
886 493
829 971
794 263
688 218
57 76
932 913
398 146
140 836
588 565
841 114
901 553
371 945
270 128
54 397
279 995
536 46
903 686
586 584
376 88
526 624
430 376
224 899
853 382
104 560
548 785
950 305
549 405
990 717
639 760
535 570
453 612
287 698
200 911
81 259
954 993
209 620
965 846
39 61
84 686
387 70
903 97
176 362
877 230
875 605
389 309
622 379
46 308
648 899
928 759
424 317
298 100
642 64
518 646
320 991
737 840
597 124
335 188
486 414
839 132
370 463
754 113
196 841
738 234
894 490
761 480
903 389
7 727
144 275
625 55
652 826
526 596
671 645
203 331
185 292
449 487
146 541
877 162
80 515
345 511
854 238
586 904
680 347
50 3
436 198
806 707
563 549
530 444
801 246
619 918
824 980
325 102
364 14
887 266
435 505
676 763
83 839
203 216
88 447
457 256
886 775
797 120
916 920
124 374
434 473
143 693
756 934
914 827
207 755
358 119
364 459
441 582
459 454
164 256
338 186
93 550
493 808
14 935
752 243
822 884
579 565
551 56
813 995
264 476
884 330
315 538
612 874
417 832
814 633
701 215
811 139
654 989
442 561
857 912
518 903
431 668
731 155
299 758
162 475
254 138
627 469
534 226
562 21
212 880
846 859
798 639
766 963
437 340
12 993
711 394
303 60
359 231
179 570
363 905
148 68
830 869
227 60
471 473
7 716
35 528
432 305
119 958
633 88
568 948
204 224
102 151
834 720
846 276
234 602
863 487
290 480
535 692
428 453
31 685
611 856
156 382
551 845
544 957
716 492
777 589
577 302
311 229
248 901
732 245
233 899
439 81
445 958
513 673
304 930
868 159
981 112
217 19
664 974
401 308
728 463
854 311
180 972
371 405
88 698
921 312
768 878
875 686
412 367
972 842
180 163
320 543
598 4
920 982
494 188
770 266
789 135
657 898
389 369
688 967
771 752
149 462
990 810
244 120
400 41
720 736
179 286
937 373
813 61
803 857
87 608
412 977
890 886
712 869
531 629
192 394
121 781
288 575
772 431
528 317
952 934
398 859
906 597
257 0
691 122
233 658
443 49
533 703
736 939
773 482
262 977
258 752
137 515
970 107
313 406
696 870
325 774
476 987
764 856
727 202
631 875
714 210
427 791
95 597
830 295
263 263
496 635
477 223
924 530
500 945
70 326
629 723
415 136
259 863
175 981
315 105
978 17
741 769
319 971
968 859
157 801
902 941
166 990
355 880
761 945
172 251
986 711
493 636
221 68
652 505
355 286
668 422
180 322
252 631
262 492
546 880
572 545
10 284
235 583
451 611
569 424
955 687
566 10
370 329
688 2
389 127
9 314
116 289
396 345
942 60
889 114
363 870
572 232
971 27
917 424
933 728
443 175
346 886
338 598
787 801
399 147
40 986
633 538
506 657
355 483
643 823
87 62
477 691
61 340
305 875
988 448
257 126
816 255
439 216
85 779
792 709
579 486
3 769
746 53
134 368
264 914
715 889
305 255
855 792
582 896
292 805
481 216
559 359
832 958
700 548
152 554
808 597
323 619
280 974
125 723
208 148
668 589
423 802
478 237
217 509
88 769
116 527
684 519
423 25
506 967
888 28
834 82
317 593
440 387
934 295
105 500
457 542
286 844
557 770
103 785
731 530
938 73
793 257
676 77
185 149
494 199
363 998
524 219
942 945
842 244
396 934
279 569
55 750
479 256
46 273
164 833
13 199
597 535
100 181
793 770
94 106
862 656
548 539
101 981
291 788
80 889
628 593
727 41
91 92
15 480
114 526
204 248
895 907
240 659
251 753
701 175
380 626
311 649
773 771
238 81
420 844
883 631
261 176
624 956
941 239
301 717
586 19
488 587
425 239
148 494
223 631
246 795
492 91
724 499
357 14
94 158
369 487
386 792
919 397
331 515
126 216
153 709
116 438
607 572
867 827
241 167
361 741
140 294
95 471
82 909
292 859
390 781
627 678
830 539
898 398
71 613
684 471
28 282
962 975
410 850
933 727
382 582
839 515
48 33
531 852
84 591
98 100
102 444
128 264
630 281
22 365
788 74
801 732
790 572
210 328
232 765
552 579
307 492
667 587
193 299
898 442
992 33
895 335
997 573
793 215
843 808
483 680
452 419
179 687
174 721
14 696
506 822
866 910
393 424
684 860
56 308
970 339
783 108
404 829
332 520
223 849
700 923
769 232
53 791
204 72
93 491
893 478
383 988
468 833
192 682
97 741
677 205
741 454
536 391
175 653
922 563
536 607
538 967
737 180
143 566
243 278
99 881
663 115
40 623
935 884
360 187
644 375
583 829
186 122
43 611
593 81
840 680
998 49
869 366
841 886
763 49
576 282
151 740
275 479
677 784
289 647
727 633
196 338
327 180
961 32
666 734
107 887
413 775
623 87
612 855
602 980
976 703
770 484
81 227
979 18
821 454
4 130
304 495
689 550
484 186
938 456
474 578
299 120
298 142
109 57
560 946
605 831
640 920
539 564
898 510
390 844
185 545
767 692
433 858
891 826
191 472
740 321
414 967
50 28
871 311
902 574
912 232
800 543
864 788
578 162
482 373
420 340
576 666
249 279
170 52
938 560
304 821
137 909
68 803
73 363
531 970
132 447
277 848
741 956
786 324
31 733
888 841
349 395
523 584
572 489
677 252
494 574
470 714
649 850
428 72
447 381
6 197
374 68
902 706
275 414
334 703
562 86
581 785
290 633
882 227
303 275
287 947
359 197
897 326
10 433
895 766
315 305
746 74
724 181
676 103
849 996
460 566
444 453
360 622
417 414
996 523
226 709
442 863
166 28
514 457
405 298
509 187
655 400
220 304
422 954
895 38
745 287
835 176
771 114
738 79
275 834
233 489
341 750
294 114
609 637
809 139
234 901
949 489
810 131
463 288
228 602
262 895
610 607
227 797
248 541
99 660
704 492
754 908
864 176
99 820
217 558
525 565
577 658
72 599
420 695
993 121
46 999
122 834
388 244
893 85
867 253
466 717
681 725
975 421
227 185
520 179
887 137
663 854
267 264
837 222
725 335
890 59
300 367
458 560
391 526
113 857
301 428
807 379
476 373
335 899
542 794
629 169
809 148
551 822
350 608
381 909
565 722
723 286
94 587
663 88
227 980
958 624
668 360
428 317
731 12
299 606
905 675
139 78
313 872
235 678
788 626
16 756
844 799
852 683
749 586
768 747
872 639
221 130
74 698
806 51
380 186
122 270
397 83
402 40
253 860
326 93
59 910
389 403
66 783
892 289
567 718
982 408
134 39
789 208
69 441
832 110
961 711
317 780
240 700
945 665
623 634
918 667
557 172
92 35
567 322
20 608
533 453
848 23
885 452
271 921
423 15
32 100
377 138
420 951
948 252
937 713
478 216
900 929
657 243
358 683
283 872
131 769
848 80
391 320
133 886
66 29
351 122
342 944
828 524
758 295
175 124
649 646
706 831
951 798
182 773
59 155
447 552
450 899
926 775
971 572
647 852
367 917
820 427
571 335
881 125
379 717
99 820
298 82
26 279
8 194
942 600
706 36
425 292
688 982
169 370
123 898
865 832
854 199
712 410
702 283
402 5
429 584
574 195
507 108
760 256
262 894
192 381
988 293
115 986
350 235
887 281
792 962
757 576
766 422
890 903
361 875
622 891
537 960
138 227
773 429
827 265
698 673
404 427
233 598
83 35
196 33
914 275
25 437
121 573
63 983
434 394
809 744
605 553
826 534
614 242
0 524
675 548
323 163
730 100
640 8
891 39
9 680
225 777
815 842
127 279
803 820
104 722
720 65
480 29
278 225
969 993
963 417
424 311
938 996
842 718
585 354
233 405
133 945
316 795
25 9
773 653
991 492
412 848
174 558
509 256
293 345
157 280
383 212
187 267
63 429
556 882
85 780
407 975
634 450
363 225
696 547
125 929
966 952
318 852
355 23
485 514
136 902
113 791
851 558
746 632
545 949
440 384
564 975
4 627
133 822
758 315
740 375
846 305
318 918
231 398
390 573
568 283
791 601
685 870
368 646
646 821
721 668
279 832
317 170
447 442
281 74
341 200
708 493
200 950
127 736
5 806
815 327
751 10
33 305
705 444
573 748
336 292
486 395
303 722
817 677
66 772
212 688
472 602
97 677
747 72
570 678
17 516
503 253
88 416
662 807
757 794
515 913
558 235
457 169
193 901
175 353
948 704
622 767
887 895
274 248
415 78
775 943
788 319
806 864
4 725
736 826
801 88
114 500
889 811
577 887
614 106
912 364
549 64
232 648
74 40
712 373
964 650
429 963
588 360
643 983
756 361
868 10
86 614
465 717
506 684
279 907
676 193
651 193
925 410
250 825
273 884
130 229
754 434
245 26
371 671
879 210
663 20
165 239
538 780
72 245
184 253
787 287
941 602
729 557
428 575
675 724
333 629
281 839
673 351
190 652
839 404
553 458
644 133
521 482
534 345
312 147
762 192
580 475
719 661
586 330
779 591
67 697
924 361
932 3
513 289
793 522
378 62
274 486
221 638
88 706
435 190
201 495
914 371
162 613
4 585
837 391
528 762
940 790
863 521
652 833
130 640
533 476
587 270
361 62
209 205
811 39
815 83
698 674
679 167
598 311
235 175
203 396
60 128
900 445
183 437
953 754
445 763
755 584
281 773
7 267
792 707
658 770
164 376
636 147
625 228
440 32
604 351
115 850
592 464
275 334
898 253
522 965
976 59
755 312
494 201
580 491
985 592
620 650
488 309
719 386
224 170
264 241
214 153
110 32
170 51
954 751
474 769
616 514
844 361
620 51
937 538
319 441
870 203
178 823
245 473
594 479
244 344
436 793
691 277
131 70
212 137
312 994
822 672
970 994
234 307
998 890
842 354
104 362
430 230
139 666
802 118
13 755
285 840
583 240
570 235
531 101
660 10
519 446
838 467
425 4
929 737
27 76
585 871
993 816
874 255
32 178
814 306
441 621
547 784
351 294
603 426
302 340
596 622
764 260
865 314
460 760
544 461
96 553
294 435
679 674
848 671
712 55
83 758
678 334
830 737
412 364
526 603
75 547
162 500
33 211
465 957
268 487
297 861
928 193
313 972
501 816
529 838
756 457
160 546
931 388
998 531
0 785
292 174
890 27
104 373
30 771
413 796
609 24
931 218
961 797
667 835
201 739
693 619
68 169
45 93
353 361
747 733
64 822
763 131
197 163
229 705
554 341
165 582
418 683
629 620
427 92
362 423
163 714
717 80
503 206
186 713
432 141
374 185
351 433
556 817
81 883
713 232
126 15
697 421
575 392
801 123
119 735
623 794
412 326
39 91
782 977
15 68
367 927
237 157
394 972
504 2
273 427
28 890
290 52
129 535
298 624
758 287
549 308
587 122
148 933
700 957
576 585
413 479
926 927
834 962
220 487
117 268
139 812
246 886
149 633
102 37
744 626
644 407
20 861
676 704
442 513
805 22
350 62
474 82
126 965
955 648
179 488
893 320
991 133
575 166
295 640
166 390
412 495
667 749
861 298
460 420
543 514
593 598
591 368
511 668
551 641
226 231
575 113
542 518
14 799
215 176
346 112
858 180
44 102
868 847
423 521
25 38
802 766
831 732
580 160
516 847
960 100
102 998
809 962
458 805
496 993
270 333
243 553
931 109
416 863
653 974
851 828
605 213
284 879
657 978
620 485
234 417
522 566
174 206
233 793
783 15
204 747
676 324
117 860
351 234
553 274
495 905
544 442
182 187
388 468
270 622
737 855
87 227
276 269
564 615
294 832
575 562
11 333
434 39
957 856
768 499
583 144
698 386
159 820
726 86
459 302
6 225
280 943
485 549
207 827
759 489
161 694
641 751
660 640
142 404
942 829
812 200
273 288
167 895
144 273
348 391
945 852
728 779
627 116
282 702
402 327
79 292
793 692
5 774
840 99
466 549
110 228
333 521
800 138
636 953
738 577
680 702
237 206
670 315
874 670
552 200
126 474
908 296
407 833
603 407
646 150
668 872
221 428
625 229
747 903
907 512
670 973
802 274
368 228
127 835
212 62
582 369
747 979
998 436
546 517
123 545
511 850
614 741
292 501
202 749
339 566
146 564
459 555
474 413
473 631
764 609
322 443
340 194
112 634
165 225
707 841
469 742
579 262
998 566
667 911
791 89
207 959
355 836
650 654
208 77
633 366
539 878
372 125
545 475
638 311
57 839
714 595
225 364
97 298
582 417
409 587
800 145
624 691
829 258
810 755
196 347
567 2
549 386
625 652
367 436
916 355
690 494
110 733
191 668
257 111
493 944
911 385
157 397
734 449
767 28
764 44
614 423
404 346
650 76
297 193
421 117
715 29
377 909
536 903
151 797
588 3
155 457
52 87
934 516
392 465
899 619
127 864
319 857
375 590
139 702
701 843
539 213
674 533
796 238
351 912
338 713
330 217
591 77
737 871
723 688
558 515
320 935
308 23
917 320
426 166
534 982
101 699
770 773
74 220
693 671
940 264
198 566
827 910
195 123
894 144
796 823
66 688
422 688
435 954
465 373
834 819
28 605
88 944
376 965
603 681
410 137
478 391
628 790
597 716
422 189
242 474
641 346
225 383
501 253
195 320
700 392
825 908
878 763
975 994
70 77
124 356
125 300
398 654
741 7
803 346
792 833
989 358
195 640
918 545
613 815
301 177
340 177
263 497
635 920
169 961
780 981
837 462
844 328
692 572
863 425
475 593
426 120
672 219
608 371
967 429
718 526
488 278
91 880
883 802
986 739
31 814
651 972
655 526
409 588
839 129
772 606
589 23
810 850
779 410
785 161
836 835
305 274
981 70
568 237
598 280
685 390
249 56
41 163
362 388
491 489
343 702
995 765
995 751
729 559
893 977
543 915
862 643
228 451
331 161
138 639
960 699
315 311
998 511
991 90
381 433
129 176
270 129
204 933
178 734
567 54
87 362
912 729
93 742
944 184
579 88
387 599
160 441
292 911
479 4
294 337
545 124
429 526
633 181
358 335
573 710
309 345
689 237
910 747
144 635
438 107
557 82
42 445
798 596
168 565
683 518
189 144
326 933
326 622
547 783
795 475
177 958
465 478
586 896
231 769
344 834
364 818
584 767
119 697
651 403
254 923
394 733
827 638
371 180
820 119
378 793
138 281
241 70
221 702
922 869
325 482
124 164
372 190
309 999
314 155
831 343
1 903
350 722
418 765
200 962
815 336
982 994
923 800
811 487
287 769
98 843
87 391
93 528
780 295
99 259
771 578
625 975
150 91
381 19
545 891
974 454
975 634
776 403
670 665
415 120
977 702
74 899
325 888
266 606
670 12
651 26
386 775
266 403
350 877
807 323
312 433
261 377
100 341
432 891
347 397
686 33
434 959
297 116
367 253
764 391
256 887
612 637
199 210
553 811
777 622
973 255
967 231
572 994
823 289
413 794
907 865
896 994
401 34
776 198
989 118
651 418
588 502
727 426
538 931
999 392
207 189
783 905
46 476
988 881
302 814
439 376
212 832
492 156
688 928
774 545
647 466
630 839
777 946
227 820
876 874
988 185
481 644
92 752
997 482
533 926
138 451
488 598
647 409
331 679
470 73
44 254
317 939
509 511
535 507
369 776
435 862
311 774
341 857
620 205
252 911
405 562
156 9
862 811
276 595
372 569
987 941
434 580
119 223
810 440
406 976
433 112
888 769
632 288
293 901
273 134
923 548
375 532
618 568
585 599
380 207
520 844
543 739
743 708
693 967
922 109
534 187
490 339
892 425
561 166
207 584
280 574
106 65
689 124
782 640
242 403
917 253
551 831
578 412
99 749
591 98
112 611
359 634
333 665
245 711
807 392
557 986
900 714
113 485
700 707
806 9
904 662
137 557
880 706
828 641
119 47
118 970
586 820
457 390
617 459
805 394
261 31
877 154
875 212
473 186
167 424
148 194
204 976
663 295
99 654
397 607
211 34
488 285
656 687
700 423
415 552
803 364
448 922
305 409
509 883
392 198
491 499
863 221
262 338
638 834
673 170
686 465
38 143
438 100
579 172
329 277
430 632
222 627
539 985
40 272
363 239
296 138
247 932
375 616
757 971
888 56
10 599
229 406
825 733
385 359
483 316
646 463
551 923
264 312
108 685
650 765
21 185
359 510
884 36
868 340
626 491
452 567
853 755
91 821
516 20
423 358
135 238
556 694
226 970
808 131
907 260
767 952
322 856
439 401
489 202
197 928
828 978
354 256
891 608
705 607
381 757
938 281
480 834
28 490
694 84
254 220
25 801
855 331
435 12
838 789
95 599
748 582
580 905
298 434
683 598
869 396
415 551
689 895
333 545
396 571
684 202
378 531
494 705
746 900
247 646
846 304
838 706
736 540
890 207
204 231
198 11
145 92
936 706
956 625
919 890
62 929
715 723
244 903
985 614
800 933
207 908
198 627
261 83
514 11
557 213
208 429
812 681
995 31
753 222
466 711
869 701
257 988
332 439
828 65
579 783
281 668
482 113
614 862
85 298
728 243
101 482
430 933
308 752
181 124
697 260
397 817
456 819
580 747
870 374
90 562
460 244
981 81
569 34
494 929
365 768
627 148
139 198
670 999
575 142
830 948
625 675
140 959
360 699
161 871
618 177
438 591
754 110
828 422
220 73
454 172
638 684
291 446
239 9
944 235
676 389
134 351
952 484
303 968
364 37
263 832
727 959
265 475
232 268
279 138
442 397
94 750
543 551
633 824
528 724
484 137
84 268
348 453
815 398
710 638
732 914
214 302
71 761
409 885
68 919
692 948
572 31
462 712
593 183
395 939
159 614
739 320
910 404
866 574
141 57
865 271
298 112
710 457
311 781
391 612
543 573
189 77
129 693
54 226
243 710
691 487
308 575
371 521
907 428
143 769
419 29
25 132
835 570
743 208
369 685
252 569
112 288
560 717
498 34
350 580
591 36
159 132
405 504
726 60
2 588
699 136
857 811
892 532
762 461
137 741
957 529
942 20
407 200
359 796
14 931
279 182
370 143
345 274
677 152
130 913
460 140
423 737
454 58
851 209
133 811
84 670
810 63
167 117
934 987
272 745
342 354
215 23
726 561
87 816
370 503
129 408
25 653
265 605
235 658
807 481
644 651
608 187
153 969
774 363
67 339
285 501
634 270
519 520
907 129
59 400
221 702
714 224
776 6
546 812
783 124
806 21
704 861
797 382
306 622
666 152
894 327
981 969
65 39
0 905
640 232
532 400
293 588
860 930
970 160
882 861
635 431
418 157
753 866
340 918
772 791
357 226
72 32
80 322
371 486
680 298
222 565
610 697
139 625
225 982
502 313
490 66
654 483
889 569
246 865
755 658
151 475
414 450
505 77
294 707
777 594
801 939
893 368
461 674
102 46
680 884
445 51
184 169
961 577
917 289
976 139
396 203
532 298
317 39
128 166
7 3
299 507
50 420
300 962
157 917
15 705
313 332
206 198
846 955
468 472
948 4
374 278
981 425
27 117
994 867
125 547
131 361
208 601
98 988
195 209
530 280
269 621
196 838
906 424
954 175
806 624
112 451
817 420
528 932
539 410
357 620
786 781
946 902
801 109
299 708
507 751
780 125
281 807
849 569
537 411
822 87
936 650
984 558
552 244
883 531
229 892
534 644
804 739
564 482
166 263
220 532
804 308
939 777
955 137
472 278
730 454
361 914
73 557
660 837
700 511
264 840
280 432
101 633
518 70
161 997
646 453
413 300
829 679
871 71
522 714
249 837
525 90
546 151
458 585
148 152
325 756
950 905
669 64
850 172
902 500
513 775
377 465
878 435
199 672
809 574
935 34
349 6
372 470
187 263
354 902
672 22
130 595
589 47
628 515
21 660
108 72
765 183
520 546
831 251
401 407
279 357
705 58
850 664
588 986
227 986
282 837
904 785
691 189
125 858
412 209
839 923
929 831
587 791
955 641
168 178
636 853
642 694
833 905
353 277
440 415
602 255
553 877
36 199
994 241
333 593
301 731
974 367
29 675
21 669
425 84
305 233
208 217
627 431
646 624
603 963
526 4
688 48
272 743
636 841
964 767
128 86
368 592
548 289
15 43
937 162
859 141
802 856
828 323
792 312
425 189
630 427
158 849
389 539
263 777
561 710
100 95
947 599
173 0
431 337
600 687
41 349
280 308
740 302
617 236
995 659
546 274
844 493
985 126
441 409
677 558
345 856
608 866
367 901
835 556
409 511
671 903
635 744
433 472
877 717
566 403
995 223
104 479
171 640
367 252
180 610
155 51
205 749
568 495
260 800
963 91
16 466
989 532
89 433
854 913
422 363
612 280
311 259
987 562
989 934
767 490
311 62
128 922
878 446
469 478
866 768
725 597
702 212
25 726
138 937
638 679
336 857
794 100
601 64
108 213
121 557
825 416
296 653
53 994
778 123
671 856
490 84
776 227
434 107
52 483
814 48
834 675
258 703
561 941
352 598
171 351
375 46
287 383
504 310
873 323
771 612
245 980
34 230
332 828
860 400
822 277
749 294
817 500
275 525
536 198
884 629
368 753
6 361
607 54
368 162
629 822
935 329
832 747
467 724
866 408
76 923
958 963
943 939
219 986
997 762
216 804
813 124
681 658
720 742
577 405
150 377
545 401
104 273
15 363
358 751
106 207
162 931
725 638
924 750
930 53
175 47
505 705
659 92
121 770
436 388
702 725
716 555
940 831
253 637
787 350
641 70
571 90
646 730
794 13
356 232
164 622
80 828
178 228
238 206
950 649
826 549
53 845
224 335
390 645
878 429
779 3
14 643
574 384
272 46
478 40
199 857
857 773
130 673
724 942
966 480
760 856
707 127
183 141
204 327
961 469
155 545
728 699
76 164
146 810
0 960
496 287
549 137
970 280
492 806
966 493
556 58
329 574
645 611
748 70
783 641
274 694
244 465
314 125
259 835
648 319
238 904
441 99
798 784
23 545
318 267
137 843
622 198
294 220
657 913
811 863
153 126
212 801
217 92
392 745
522 358
928 255
610 430
616 595
939 781
791 199
672 751
412 264
77 50
18 832
743 224
845 832
338 902
445 37
666 148
386 104
963 405
393 890
725 209
662 511
26 82
306 803
602 307
304 802
898 40
650 684
352 697
425 833
194 753
901 506
95 7
434 289
277 154
171 193
101 802
627 592
485 909
394 307
372 103
268 51
195 862
833 440
842 533
608 35
713 38
533 544
528 630
541 700
688 284
720 59
780 121
502 661
570 455
900 897
463 891
401 219
146 181
301 458
631 586
250 149
647 319
85 416
133 96
894 513
556 210
213 80
944 662
848 86
603 879
931 149
265 615
671 520
989 628
742 28
509 65
454 432
884 426
788 9
831 143
11 753
538 317
925 473
67 113
704 780
734 919
149 566
459 266
221 484
334 877
405 366
22 297
892 219
144 624
435 443
220 321
892 219
192 261
309 685
995 442
215 966
253 205
706 348
870 725
604 183
620 566
794 382
928 732
181 390
211 984
841 999
421 839
874 24
71 433
920 324
634 808
165 180
743 410
547 391
304 528
707 535
351 72
972 382
437 168
809 137
469 548
543 420
699 257
469 590
631 195
564 694
495 188
281 270
852 710
104 984
323 491
667 702
398 275
724 133
436 294
207 197
903 322
172 306
68 487
596 887
393 945
537 260
378 214
395 629
132 249
904 342
861 390
420 459
931 791
393 564
101 150
376 849
559 355
81 26
994 97
280 427
475 516
696 414
531 102
516 193
895 907
428 913
912 585
613 591
485 971
580 298
984 664
796 221
319 895
182 803
156 238
256 568
295 548
153 10
882 956
524 976
357 603
715 769
843 251
766 961
660 441
676 119
157 115
50 682
661 462
874 325
914 183
597 680
171 113
579 762
575 231
242 772
494 922
62 447
541 757
808 745
192 23
98 508
140 136
898 215
667 776
349 977
379 324
550 211
417 555
599 149
274 272
63 684
722 256
788 410
576 823
307 663
578 46
982 871
133 16
205 812
712 364
592 534
881 941
540 383
784 721
932 43
19 775
626 128
681 733
542 747
731 985
238 212
680 878
327 546
88 856
779 314
539 188
307 468
659 898
95 270
783 660
787 709
602 788
140 601
915 913
388 313
774 202
986 735
499 550
318 797
405 419
531 336
494 478
294 179
705 714
918 487
296 228
628 410
799 15
757 606
801 931
21 588
153 20
38 352
28 904
234 815
165 584
86 806
448 202
303 996
227 727
585 659
34 945
246 35
67 511
268 728
777 124
90 748
532 869
827 32
929 210
76 720
734 582
171 196
641 66
417 710
345 695
850 25
773 139
153 934
308 918
337 93
117 797
34 130
560 302
425 982
395 317
635 560
90 998
155 291
681 277
970 738
932 195
102 601
425 337
655 853
180 530
805 911
227 291
86 533
563 455
543 26
219 969
496 80
495 72
813 186
472 778
555 958
74 458
376 947
198 340
845 768
249 532
920 397
277 921
733 150
854 119
302 229
560 717
499 183
895 860
99 290
518 250
787 412
540 70
110 704
364 916
78 45
605 387
33 616
337 502
256 403
961 672
925 38
641 315
507 701
216 842
834 554
387 877
842 836
83 733
384 55
100 337
727 982
246 521
209 407
777 49
423 574
325 144
117 373
984 321
408 699
68 81
484 706
16 347
154 893
669 736
455 729
876 379
427 571
158 940
848 690
796 387
793 175
672 384
149 539
12 960
348 327
42 531
457 322
403 779
641 174
948 791
915 532
997 18
368 730
772 237
525 930
730 308
718 412
876 664
6 79
445 496
28 740
409 958
728 755
917 871
551 202
318 962
67 282
600 269
230 309
736 660
224 902
675 804
807 351
559 72
775 617
603 161
411 247
195 555
522 204
455 981
621 422
93 129
856 179
419 117
22 315
913 577
802 390
399 906
692 824
27 351
721 89
638 458
479 90
871 865
862 109
815 278
610 444
103 363
561 125
791 50
936 989
385 708
291 562
662 384
260 517
335 598
980 976
534 93
472 436
357 18
253 527
559 898
71 108
326 321
711 410
349 524
27 426
679 124
130 59
664 740
960 352
451 261
863 69
339 40
191 382
789 332
535 521
918 944
580 644
257 243
401 866
860 266
72 722
540 555
96 904
829 447
496 640
326 676
322 473
5 780
156 719
519 408
259 235
883 26
968 214
72 25
904 563
619 742
407 597
158 311
676 362
21 785
827 390
130 299
183 66
244 761
982 631
348 38
314 358
584 790
324 905
931 451
900 727
60 150
86 236
478 592
231 543
864 930
473 305
246 938
212 42
904 398
5 534
58 62
531 656
212 549
831 270
906 120
708 821
678 659
728 750
588 184
529 105
351 401
211 249
738 520
49 441
130 917
587 237
114 744
847 908
791 655
626 252
589 522
520 854
801 245
739 411
865 294
977 712
72 383
305 246
191 94
975 310
200 972
878 243
500 163
141 967
945 196
637 491
484 263
242 449
357 779
248 188
827 945
391 411
917 332
114 553
331 596
445 241
460 260
54 216
577 592
166 771
130 995
815 787
615 840
111 238
106 479
710 208
747 50
461 258
140 208
951 817
871 778
788 442
548 677
316 285
455 351
81 263
634 149
672 405
151 564
314 165
872 991
69 831
346 641
816 621
599 707
688 615
507 48
740 129
242 390
351 201
0 648
687 236
577 418
674 536
10 405
137 487
847 700
63 274
791 870
195 412
676 493
987 217
384 933
444 63
381 537
176 484
987 43
192 488
679 138
378 996
561 449
812 771
287 30
682 984
1 472
740 856
125 501
3 825
92 314
917 852
172 756
63 975
639 519
211 669
724 613
67 602
389 369
676 362
49 837
710 569
42 841
539 257
65 636
910 799
440 959
118 110
353 960
3 49
934 877
465 203
865 115
578 793
524 261
241 682
819 784
188 566
265 487
17 693
912 74
677 961
453 452
112 303
795 493
853 170
527 269
385 825
548 419
242 241
984 501
426 469
118 969
947 438
166 739
774 558
914 959
295 529
370 801
139 438
434 739
188 802
826 39
508 351
590 806
945 11
231 425
256 467
67 758
77 113
760 116
817 787
919 170
13 951
878 598
310 300
38 818
609 802
383 811
9 605
640 524
831 94
947 184
234 34
80 256
455 911
209 188
26 629
375 629
102 529
651 322
913 752
743 49
740 953
38 865
777 260
408 861
301 946
259 51
897 308
711 838
451 313
192 178
459 410
562 918
395 801
40 574
109 202
213 561
228 504
775 136
500 762
976 305
315 648
743 418
796 969
806 546
761 798
837 661
41 469
56 198
443 230
613 538
2 138
16 914
281 94
98 841
113 642
719 79
88 278
495 565
52 7
583 762
801 471
953 102
647 987
569 293
127 441
922 286
31 825
480 940
828 827
655 156
888 433
148 680
93 543
523 356
729 728
321 535
546 131
330 549
715 926
878 834
47 753
735 9
349 70
606 742
589 431
382 73
275 289
73 572
593 840
283 310
994 979
900 186
228 506
977 937
933 325
589 423
594 646
964 21
675 761
152 90
75 867
592 167
591 369
133 491
645 267
751 765
959 689
32 768
104 252
118 92
558 232
911 626
720 296
577 752
978 867
16 558
55 22
651 976
335 914
104 141
25 79
815 711
378 561
261 612
222 954
658 652
790 312
117 516
99 576
686 219
794 595
388 459
89 176
304 82
640 475
290 961
604 461
811 261
104 611
195 708
117 891
251 914
700 236
845 205
961 981
387 862
834 1
598 305
455 74
48 190
285 612
363 665
438 291
363 878
708 167
578 394
886 503
467 294
769 756
33 237
794 8
224 168
987 686
500 648
532 619
825 892
220 733
827 163
216 611
704 380
92 102
218 668
880 159
624 24
884 169
984 659
111 775
726 819
244 561
88 7
414 179
565 899
734 791
251 408
42 157
120 237
640 599
219 571
708 690
492 527
574 82
833 25
447 100
867 541
5 82
417 639
758 747
643 277
826 281
337 552
347 591
812 506
537 155
589 342
537 552
54 45
6 647
782 389
363 495
841 719
848 250
606 72
707 778
114 976
136 780
318 786
356 507
661 363
447 808
633 495
792 434
742 936
757 560
398 776
211 630
518 857
219 912
913 34
966 424
556 765
178 638
794 735
13 425
601 640
137 145
253 276
921 182
435 449
579 366
313 714
830 643
292 811
974 924
657 525
726 230
688 604
101 289
198 296
589 791
410 985
784 827
651 438
395 807
535 184
791 616
991 466
621 526
697 556
610 222
454 49
972 434
518 269
772 941
560 635
844 983
687 933
971 64
929 701
942 10
585 628
962 943
496 802
239 37
791 957
799 287
56 309
711 207
198 887
621 648
210 120
563 305
944 141
923 606
721 521
84 961
113 855
227 290
724 224
597 562
309 694
316 142
815 282
976 410
864 780
24 708
843 857
322 987
604 385
503 520
25 394
130 683
399 823
435 377
403 973
166 180
203 871
113 660
844 680
823 301
868 314
766 265
986 988
952 727
149 793
752 179
675 15
883 201
100 613
769 236
861 25
907 132
641 176
552 720
157 951
331 367
778 746
503 541
233 859
78 612
202 149
582 505
334 585
933 161
926 657
358 980
491 627
572 889
471 417
863 282
603 815
837 720
611 684
530 2
311 84
579 891
371 284
312 498
730 40
128 445
966 275
969 264
283 997
704 547
829 289
454 82
326 423
468 937
597 159
88 727
476 480
360 810
480 224
902 164
726 820
109 325
596 138
11 520
62 85
336 898
459 73
838 705
71 736
377 289
185 253
520 805
120 134
117 244
33 807
721 361
716 333
308 999
569 39
300 29
485 116
523 431
393 705
238 278
948 914
971 673
272 700
347 635
163 408
33 990
55 762
545 720
227 794
876 133
923 890
523 78
806 514
650 793
343 705
983 937
135 621
451 447
968 589
961 465
661 324
620 82
944 168
790 954
84 316
526 783
380 955
545 571
347 743
284 329
6 481
809 435
102 25
41 437
603 128
929 783
502 483
879 407
157 763
743 549
477 819
993 467
106 386
637 653
795 234
90 309
756 792
91 531
995 261
220 555
487 412
691 694
870 917
66 85
295 97
636 307
663 959
38 99
255 455
944 547
133 389
988 399
186 287
382 833
717 970
260 247
78 123
864 309
85 930
228 165
940 379
574 876
498 360
908 55
426 17
249 325
715 646
921 263
873 430
105 957
540 297
690 51
351 59
936 820
532 793
974 86
126 401
301 143
670 149
180 869
667 585
281 532
956 414
321 187
839 645
325 136
568 120
830 502
730 677
570 964
425 820
863 520
867 611
968 844
700 728
150 7
545 23
104 327
872 69
950 157
558 636
50 73
504 287
488 529
87 17
71 788
45 753
552 764
629 41
903 491
938 159
441 628
6 315
261 646
79 26
53 853
485 995
391 89
350 920
566 987
277 471
847 885
809 609
649 113
90 842
308 445
570 851
397 821
745 797
97 505
489 439
905 577
523 969
636 815
242 873
155 660
838 854
785 157
196 908
857 951
380 823
21 305
146 108
692 833
210 924
203 465
382 890
567 635
26 623
946 123
610 739
437 564
290 31
109 822
517 137
833 431
842 608
522 519
284 41
947 840
225 809
740 861
102 540
130 490
97 677
657 269
255 846
316 804
599 291
220 639
150 290
328 559
36 477
236 615
663 500
885 250
902 612
811 878
361 213
168 999
752 203
976 518
273 794
258 251
718 272
390 681
606 93
47 346
970 294
459 594
331 531
712 328
266 685
393 474
168 540
585 481
991 392
520 677
896 383
980 402
279 430
66 563
692 547
21 421
404 810
126 608
167 455
428 801
555 196
638 691
897 123
775 184
798 790
80 635
653 684
997 215
130 183
337 445
818 852
771 882
10 131
581 279
117 96
754 861
762 200
337 345
757 528
383 284
69 59
321 590
902 738
306 44
872 993
698 104
223 712
376 216
676 15
809 849
260 245
506 557
792 107
154 562
253 596
387 886
452 520
547 288
141 625
470 705
247 445
518 18
747 334
405 143
42 807
970 565
436 200
987 936
531 443
930 552
23 903
483 485
275 77
469 249
392 625
303 172
753 547
572 590
294 663
218 776
429 434
328 756
621 991
758 438
317 625
145 299
541 761
927 346
851 217
439 607
49 986
877 119
868 587
813 921
600 380
430 154
603 786
322 60
391 155
706 432
236 420
454 97
574 217
230 819
938 390
755 972
102 531
593 378
218 813
65 965
538 435
450 14
317 29
800 895
619 964
672 213
522 486
82 788
25 593
160 258
281 554
46 103
73 750
803 475
946 520
791 753
506 212
477 18
540 988
483 525
775 658
823 309
158 525
269 60
96 407
814 871
305 862
123 1
385 633
954 868
875 894
632 557
505 673
432 760
918 839
267 453
932 516
584 105
343 202
286 839
586 220
776 864
416 50
200 209
758 213
447 404
47 5
99 34
904 672
794 760
85 414
687 567
227 787
403 448
727 229
885 671
127 791
885 607
704 742
365 887
744 489
777 700
485 510
881 79
365 874
68 696
887 593
151 227
162 688
983 114
405 742
691 875
719 618
774 628
240 145
651 436
263 663
393 691
893 952
537 668
921 679
14 714
390 447
477 178
771 704
589 576
225 925
968 316
890 3
98 381
79 124
426 102
531 973
70 81
959 997
36 322
901 223
415 885
569 865
423 403
988 830
740 696
947 153
619 168
536 684
306 788
191 127
769 679
900 396
841 967
51 891
754 640
0 610
616 442
688 623
853 734
47 257
213 36
83 852
725 690
921 131
101 160
527 490
864 735
250 412
994 371
289 307
706 998
745 447
680 776
387 849
272 780
11 448
575 620
825 868
5 143
837 624
444 506
23 901
305 453
829 933
608 247
705 733
548 853
498 383
0 511
826 559
127 227
311 372
187 863
582 633
820 641
445 341
319 529
527 704
89 25
486 679
556 11
851 545
114 436
450 499
919 432
381 352
204 542
445 197
128 341
744 701
938 839
967 801
37 93
639 290
859 187
131 337
661 934
192 7
337 59
393 608
646 713
340 22
996 34
740 131
39 862
384 743
766 937
996 187
631 222
407 476
661 524
741 332
612 56
174 430
100 578
951 337
572 532
743 871
873 257
356 814
584 395
327 86
352 680
421 724
924 173
95 198
183 627
197 592
584 41
463 87
153 394
44 741
186 921
78 396
843 378
821 461
450 67
307 339
922 891
32 604
229 593
648 440
522 704
137 781
474 250
401 298
656 218
728 147
696 143
281 444
554 342
959 186
582 702
46 70
569 938
615 755
953 290
760 914
646 204
339 67
42 202
86 39
410 611
891 620
869 622
41 449
828 403
194 675
715 53
246 663
800 734
857 376
225 73
808 75
698 654
410 817
767 881
524 870
855 604
485 192
730 710
188 265
132 596
318 817
610 799
525 621
524 38
509 636
196 373
921 108
231 662
253 209
153 431
245 6
142 845
62 935
326 688
843 333
568 566
420 3
514 316
250 570
296 850
925 440
579 551
137 478
900 845
910 849
498 693
688 480
224 758
7 120
730 531
271 445
649 971
418 595
4 373
236 20
306 18
520 962
806 429
482 838
306 897
716 618
351 899
276 749
764 616
766 293
37 375
486 49
758 778
601 223
144 969
981 68
922 935
310 346
868 225
194 895
921 597
375 900
59 743
651 850
67 162
925 196
136 821
186 177
223 267
322 256
21 496
268 466
850 304
375 242
550 618
963 8
624 726
655 278
220 83
900 946
308 292
594 614
403 324
586 980
246 263
531 30
516 506
257 781
271 606
163 32
587 449
460 656
935 150
924 145
458 470
559 316
376 375
791 67
773 876
278 499
665 669
246 689
764 784
860 7
475 168
954 838
580 485
36 672
783 508
382 558
958 153
148 359
958 394
290 274
902 789
141 894
728 397
82 272
926 273
205 718
390 94
92 282
81 190
261 776
504 56
61 611
856 2
403 596
992 341
5 997
544 376
969 909
92 208
254 397
953 846
868 843
120 800
289 724
433 421
454 504
537 291
826 136
151 356
509 899
747 57
911 962
168 876
769 176
52 404
44 878
54 765
642 966
407 247
786 30
540 33
79 583
35 556
371 471
259 244
96 796
673 389
351 402
809 154
301 446
546 836
331 268
460 64
765 22
870 474
957 798
27 738
120 791
253 972
761 150
230 860
781 862
90 33
967 517
217 841
237 593
683 661
59 159
196 95
230 301
67 297
779 598
78 712
241 558
624 969
357 751
62 323
629 99
494 461
766 778
704 657
465 839
913 353
772 806
774 745
174 745
663 613
757 268
364 60
323 205
684 61
885 816
547 913
918 857
251 226
52 395
143 554
626 297
932 927
382 43
265 758
19 347
497 93
297 385
654 813
228 100
912 768
371 625
502 143
145 377
676 887
497 542
590 413
38 662
236 712
561 900
998 574
567 291
818 489
801 260
131 931
965 266
660 224
973 732
534 916
255 715
415 853
373 436
196 41
470 520
31 811
653 378
556 330
904 345
977 98
876 943
612 71
598 385
458 807
917 120
508 64
407 582
828 842
481 957
370 406
675 341
632 176
530 285
852 88
800 628
271 295
353 752
97 280
336 183
703 973
490 348
544 884
976 44
381 353
523 329
775 405
851 183
293 303
665 861
517 75
469 150
867 696
970 976
681 71
601 813
206 256
348 409
321 295
556 51
943 423
500 672
868 165
184 219
143 465
128 849
208 208
345 805
342 302
526 639
412 114
803 243
181 970
210 799
8 449
418 908
29 942
245 913
360 670
304 516
717 781
56 267
909 105
843 538
680 352
653 269
436 11
796 97
716 738
398 518
332 890
586 271
92 805
956 949
524 137
525 489
423 379
186 865
555 5
59 485
736 934
815 130
614 593
654 350
76 729
63 533
278 627
764 452
927 756
363 412
352 941
677 441
847 468
84 828
411 381
73 365
310 912
844 989
373 781
664 331
397 189
189 854
318 827
640 578
268 84
864 438
395 386
506 493
979 567
152 684
996 632
413 20
540 463
636 351
854 494
562 793
990 913
592 919
19 587
350 435
491 84
621 667
461 473
971 190
915 508
388 856
87 550
591 640
503 610
383 456
300 580
299 533
807 466
457 209
669 930
246 157
77 436
928 170
151 361
16 657
464 132
626 577
19 391
799 306
154 850
949 48
669 512
277 10
442 34
494 171
349 576
128 769
986 292
611 596
89 906
801 681
769 126
761 280
849 572
445 218
387 293
959 607
713 992
647 31
892 40
552 759
395 405
12 647
745 189
397 25
387 124
166 92
152 722
57 667
961 204
154 928
434 829
403 580
210 887
473 291
32 988
544 891
934 226
899 750
827 903
542 577
483 728
167 148
338 696
74 178
994 560
532 875
472 194
874 457
957 986
804 71
676 463
980 761
119 310
467 232
111 288
438 36
540 589
612 455
697 905
508 223
844 606
100 316
317 362
261 692
12 547
670 539
512 824
437 295
126 89
381 523
582 514
773 529
508 812
453 742
237 212
119 481
432 8
899 700
656 159
818 478
223 681
248 751
869 743
92 158
385 388
754 248
400 60
603 850
132 356
163 856
606 98
731 367
238 54
879 520
122 721
635 742
462 268
2 579
251 669
952 749
123 262
912 615
132 182
280 61
411 181
124 231
394 50
768 34
229 262
210 699
682 190
631 686
624 45
309 550
265 665
624 206
818 695
865 183
218 449
524 731
137 103
241 721
300 636
254 602
398 82
579 740
785 560
789 476
861 211
527 313
464 571
782 703
743 296
908 170
275 508
887 627
592 939
331 768
426 200
45 998
297 585
281 266
446 599
463 17
886 894
697 333
39 236
697 849
425 672
713 374
559 784
754 327
845 128
192 393
285 167
62 816
197 844
670 22
626 921
836 485
363 151
612 263
55 891
473 524
953 823
703 484
197 11
339 69
763 342
306 583
28 272
591 454
930 322
9 640
693 152
924 792
819 733
511 346
983 776
814 344
366 678
520 540
494 239
460 903
464 646
903 833
215 27
985 513
585 411
546 568
350 995
807 50
503 16
313 405
240 443
952 428
569 859
251 702
393 828
227 75
92 30
665 830
48 25
197 97
42 200
441 678
550 699
165 410
686 377
460 919
810 989
791 866
649 153
200 17
15 912
658 105
48 185
719 79
365 633
242 814
436 703
142 425
276 54
46 993
665 583
535 721
388 357
531 16
791 37
887 350
816 477
527 251
524 492
409 509
414 67
735 240
696 99
9 386
529 934
794 191
295 562
874 531
543 732
668 207
667 921
512 758
963 747
516 967
271 729
63 861
620 552
126 222
5 257
850 25
108 523
585 596
153 243
29 421
250 912
602 271
972 140
795 343
497 560
832 519
994 599
921 538
510 391
230 345
804 747
225 390
758 12
964 304
375 640
232 814
126 707
29 775
427 958
601 865
329 302
819 137
956 807
975 754
22 432
391 393
861 760
375 417
630 673
537 682
352 540
699 792
194 5
246 25
775 800
544 206
84 132
116 254
446 376
665 151
497 603
320 190
663 488
522 929
517 858
514 68
269 580
862 249
119 5
611 595
321 321
457 60
721 523
965 109
544 866
415 951
457 377
331 296
258 748
339 568
83 928
165 532
565 866
601 738
205 683
854 30
320 802
853 316
377 794
205 144
49 925
793 499
758 233
31 6
951 819
947 396
167 858
364 883
705 197
244 163
931 327
533 610
357 217
458 447
827 505
508 69
89 970
655 26
200 268
164 353
70 909
216 526
250 96
581 968
944 533
103 315
649 305
274 350
272 8
522 738
24 64
611 29
282 272
538 350
453 121
771 106
966 619
164 261
219 475
354 837
27 995
939 572
121 762
532 308
696 238
899 208
792 424
848 744
265 567
424 941
136 208
722 534
16 780
94 723
835 834
817 272
489 934
494 196
512 922
898 738
981 204
503 615
594 80
156 366
9 520
514 89
967 25
26 416
620 616
221 918
802 325
172 562
427 558
194 572
633 783
726 633
576 825
157 449
303 841
767 318
431 954
993 503
306 845
219 727
201 280
979 208
927 412
218 267
657 844
445 668
930 427
39 25
649 21
133 476
966 593
818 226
246 925
491 714
227 787
974 250
207 387
783 606
426 872
355 147
18 855
337 876
259 477
853 378
160 337
223 889
736 234
435 288
724 346
322 673
367 747
489 202
111 713
961 947
692 24
815 234
679 423
708 171
885 870
856 195
91 244
363 231
708 740
188 601
857 360
317 379
81 934
102 71
641 962
129 950
989 733
894 759
527 237
312 114
175 317
264 182
453 678
9 632
315 397
635 301
966 39
452 25
822 99
979 81
852 767
279 454
220 942
720 763
243 216
188 458
979 610
661 81
276 503
761 642
469 39
242 27
859 848
222 852
225 74
586 191
753 687
691 189
234 371
557 950
531 672
752 768
710 853
463 605
848 976
739 630
649 809
768 389
367 714
573 521
328 468
522 867
911 211
789 465
214 820
198 832
118 382
172 735
731 695
150 434
19 816
511 852
279 628
572 497
115 493
360 515
275 200
914 307
687 289
749 714
289 402
801 889
756 744
832 934
271 327
803 287
354 904
93 220
193 495
616 200
982 201
727 968
387 502
564 680
161 500
964 490
459 236
359 336
222 929
796 292
973 21
332 86
520 582
717 926
324 490
923 82
873 319
730 370
160 918
263 962
740 881
736 0
667 290
697 894
548 190
648 90
651 826
19 21
130 52
64 121
555 702
349 999
484 950
873 327
193 769
707 560
320 170
890 499
193 77
469 251
557 785
116 264
225 101
670 21
363 50
796 6
636 530
118 6
998 663
413 568
727 990
888 620
591 958
931 436
494 420
933 135
866 361
680 102
560 286
463 982
417 398
27 437
959 222
750 432
927 488
52 172
713 222
398 92
494 373
577 307
202 151
175 706
810 726
501 244
856 366
940 72
516 618
83 854
861 266
133 574
272 83
943 109
208 256
661 361
768 632
766 264
285 719
581 396
54 689
257 449
24 332
407 426
373 230
510 121
14 999
219 765
289 32
455 465
140 660
702 315
170 182
880 810
189 115
438 908
750 681
5 366
849 560
71 221
28 72
299 149
801 300
561 776
25 150
170 146
148 10
375 346
719 631
521 107
933 339
329 379
73 62
90 996
986 667
435 297
8 522
889 507
942 361
309 646
89 645
890 13
976 731
369 349
221 515
272 361
475 8
672 985
759 889
766 456
804 348
605 70
866 43
474 652
871 919
144 918
41 653
93 445
778 326
669 422
740 67
629 205
415 977
482 638
802 913
275 221
6 611
52 620
945 100
693 85
354 21
651 105
536 238
781 9
879 539
929 699
365 678
840 623
762 486
607 449
911 46
304 650
241 240
8 835
614 548
98 505
103 259
476 223
182 697
96 624
946 963
567 517
976 669
601 950
396 247
495 572
665 129
524 222
261 868
841 802
728 939
529 191
703 538
565 24
684 414
936 563
352 733
133 483
476 823
824 644
372 357
890 893
590 161
521 770
761 902
287 882
704 217
970 774
913 305
996 532
466 539
412 219
348 529
709 943
258 316
637 815
619 383
672 501
774 142
166 478
542 63
75 635
982 327
925 775
366 88
683 202
975 850
316 101
820 880
278 975
505 252
848 392
240 278
18 60
330 160
475 954
347 614
371 661
489 836
810 66
102 960
601 531
220 818
656 612
64 553
119 165
962 968
17 191
212 232
470 362
858 72
680 621
793 131
104 527
714 9
26 175
800 536
558 983
464 844
192 967
785 396
346 63
861 423
384 147
919 287
869 310
285 821
533 25
135 270
338 307
400 37
419 213
317 976
729 62
996 23
828 37
559 106
670 725
689 506
406 318
688 259
192 705
259 120
162 364
806 928
666 271
316 808
822 646
380 289
588 704
359 843
756 583
905 617
403 713
726 335
521 110
648 810
941 387
222 304
983 655
110 616
582 500
21 602
748 824
358 489
974 348
890 24
312 181
680 716
153 89
814 424
851 820
174 846
526 932
171 405
556 802
526 390
880 274
332 396
459 988
795 442
560 708
949 679
585 295
451 960
664 351
742 445
498 96
210 119
881 420
829 615
730 364
638 851
183 377
321 397
133 194
874 20
80 462
151 847
341 276
123 991
208 801
401 300
16 706
414 691
544 131
706 359
727 951
976 374
714 328
619 901
696 921
419 942
639 27
673 264
333 293
312 224
193 712
396 287
171 769
312 404
418 384
106 452
292 825
705 719
299 384
114 436
526 235
663 936
637 859
410 595
530 707
737 155
92 323
130 398
181 63
840 409
934 700
822 870
618 139
868 350
57 74
952 227
678 318
478 346
842 77
587 663
346 924
526 593
975 916
25 551
13 714
39 939
430 639
974 822
575 861
446 116
476 891
602 890
728 475
143 757
855 610
683 524
647 8
217 121
211 969
529 828
547 435
661 1
769 961
633 139
557 847
762 640
875 70
491 503
163 362
579 600
106 123
899 91
279 377
983 635
73 235
116 772
647 594
561 147
951 929
200 885
867 608
78 91
640 114
601 772
457 291
346 851
93 710
67 507
540 797
411 344
591 666
47 320
393 910
771 778
736 81
330 517
792 705
298 948
291 726
708 400
529 925
179 799
446 43
666 844
941 462
954 767
935 790
308 103
545 225
197 68
324 383
704 186
70 123
968 771
106 651
845 716
283 746
686 507
327 460
809 567
210 610
15 200
104 263
443 217
615 497
684 739
907 612
25 972
884 427
805 128
38 65
532 742
304 192
884 119
31 872
327 602
523 137
96 788
929 84
788 382
795 807
419 359
582 976
22 115
938 76
636 436
799 720
384 969
158 984
197 324
149 854
309 808
40 61
877 450
540 686
165 783
261 587
528 735
971 722
447 88
312 645
458 886
469 32
969 274
862 266
688 889
875 255
170 966
833 749
679 650
968 5
193 763
405 389
779 59
67 68
307 218
374 525
682 751
497 920
417 467
648 533
62 590
768 427
815 254
494 920
462 933
541 481
510 362
532 884
813 763
231 732
403 834
172 301
818 77
857 113
646 283
197 867
430 51
684 457
171 79
295 719
593 153
419 58
13 781
696 401
214 592
581 171
326 655
434 373
90 226
895 3
296 690
939 770
545 673
543 171
191 242
492 338
849 177
362 879
389 683
939 549
669 137
375 577
389 329
409 29
59 870
17 254
336 745
988 331
334 935
937 127
851 773
485 393
109 714
962 129
350 892
443 893
43 766
467 878
231 200
255 909
229 759
769 34
221 39
134 526
830 94
218 158
918 562
731 83
734 22
643 424
98 393
146 820
607 624
243 273
981 773
117 540
743 655
989 478
432 252
459 146
241 485
338 296
417 497
828 961
652 668
429 956
927 865
966 833
738 702
222 932
326 15
356 571
850 629
583 996
241 529
417 409
182 988
850 845
395 88
361 4
966 996
176 581
317 684
969 323
755 304
755 525
676 518
778 467
277 602
590 962
943 477
754 113
910 27
136 613
693 545
131 2
956 663
805 427
845 387
738 267
851 742
260 461
996 875
409 881
321 501
114 257
91 328
125 715
552 339
181 839
870 540
616 403
776 172
602 125
343 437
305 529
626 409
752 884
280 301
719 288
989 334
91 728
28 10
402 487
413 739
266 572
583 135
818 473
447 35
153 812
130 994
150 861
319 8
311 441
544 940
166 279
626 886
289 265
587 916
441 357
436 51
805 60
976 324
880 898
708 77
408 56
86 146
969 599
347 788
385 518
291 937
885 333
288 19
76 954
928 829
778 836
974 716
512 823
448 563
698 952
396 433
921 465
348 142
906 198
229 308
254 1
354 755
531 51
134 679
652 388
930 462
933 93
19 645
697 116
192 930
383 25
994 319
538 382
844 157
857 3
430 672
262 979
285 394
906 617
501 50
49 895
33 222
874 881
202 134
274 165
423 507
961 861
924 192
709 657
758 832
630 710
517 64
354 116
963 478
793 871
828 163
899 75
702 213
553 838
332 488
218 464
381 997
743 630
482 891
713 104
297 966
17 135
235 677
536 203
988 792
960 236
36 594
131 496
121 931
602 724
88 321
337 478
100 801
185 315
837 496
198 276
693 519
26 446
503 318
721 146
289 119
855 26
844 231
807 461
337 569
638 885
559 332
807 175
330 245
727 19
101 168
108 997
971 683
114 466
810 267
814 743
746 100
910 903
453 507
288 779
583 14
723 319
472 990
868 27
151 124
257 735
25 610
755 58
411 507
951 605
124 957
621 603
334 606
237 188
167 397
303 994
187 314
138 612
964 81
592 473
900 83
184 575
466 374
979 525
316 270
194 389
516 59
248 766
518 901
701 249
697 493
410 154
195 446
612 2
578 700
651 227
169 540
290 467
991 252
292 660
783 948
412 235
467 557
165 80
785 713
612 645
395 92
467 43
450 313
856 313
963 488
781 199
573 766
112 530
273 653
734 0
627 374
924 142
96 516
678 592
648 931
195 754
790 641
697 412
814 283
797 259
247 395
318 574
57 729
171 701
160 224
177 49
993 147
497 768
700 775
386 88
411 602
963 838
50 828
691 55
176 349
509 902
125 687
966 271
748 630
897 37
371 229
629 351
48 723
117 351
446 486
24 622
865 6
338 514
447 422
803 962
215 734
887 660
470 404
957 716
871 292
476 16
34 709
859 649
449 22
447 21
679 882
394 219
362 48
730 286
963 501
288 398
868 822
666 371
561 433
124 67
905 467
770 630
687 247
305 424
644 661
903 24
847 970
127 174
512 863
225 10
457 924
698 594
558 158
408 692
87 670
433 453
587 372
629 601
271 740
168 429
872 880
348 192
573 70
455 985
176 979
665 661
655 392
185 56
806 980
280 166
607 859
614 274
677 382
115 927
837 162
785 382
93 917
96 15
890 46
674 418
781 853
569 104
229 851
733 718
851 459
738 691
90 521
297 898
494 801
206 34
142 35
555 43
597 406
442 563
701 843
680 979
5 404
441 788
493 628
926 93
726 224
918 281
912 719
644 965
310 630
165 696
285 886
477 70
925 138
363 334
855 716
969 906
552 944
464 278
860 59
412 125
719 765
404 609
320 133
950 850
263 27
632 41
304 860
617 229
648 369
817 102
535 162
334 712
383 481
576 801
692 25
440 262
677 801
765 395
506 915
806 131
438 851
535 319
343 876
870 417
820 284
749 836
102 59
701 340
18 720
624 396
989 485
88 224
705 748
783 551
0 602
942 422
486 115
714 433
259 166
35 874
593 226
479 87
860 297
295 776
464 524
208 758
391 944
269 162
394 647
923 37
807 201
845 75
309 533
993 334
244 275
138 504
72 468
152 297
680 76
941 738
289 918
376 936
945 216
496 38
665 1
633 468
738 105
675 412
835 976
644 399
665 522
642 483
689 744
286 488
378 906
61 683
783 157
393 330
339 431
111 10
925 243
578 349
846 713
352 24
785 548
387 588
299 307
539 258
363 184
386 573
179 845
145 803
559 121
201 996
902 725
524 742
143 731
100 232
758 737
164 470
135 210
463 517
561 574
421 943
39 612
941 816
179 29
511 26
492 922
265 574
370 616
741 404
239 987
297 93
808 201
767 47
884 153
486 385
740 348
713 992
220 778
118 905
649 368
849 319
708 297
194 823
654 866
372 363
996 994
944 28
669 674
113 91
56 730
361 745
68 428
437 758
131 132
300 807
198 88
910 315
359 981
346 625
3 547
856 562
918 665
32 716
956 35
987 370
701 987
137 574
648 159
682 168
323 746
625 916
682 492
509 455
158 798
298 746
144 577
929 842
534 535
539 958
925 245
771 691
657 366
148 662
992 963
904 816
837 458
372 742
756 125
368 913
73 109
539 306
606 118
230 83
396 140
120 211
474 270
450 64
20 539
108 457
486 578
856 332
969 966
572 382
788 682
198 297
791 361
844 779
164 945
929 669
616 409
415 744
136 392
305 535
143 800
247 225
687 516
888 85
110 661
475 820
787 563
383 793
865 466
900 524
163 611
561 719
256 197
744 488
626 739
750 585
937 679
247 884
566 367
722 947
836 400
776 391
633 553
603 247
566 801
77 20
891 442
494 554
247 824
947 722
294 213
267 502
804 95
235 476
960 269
604 990
821 662
619 89
381 674
370 85
191 597
30 332
275 153
393 535
467 234
240 845
364 496
631 773
469 665
555 159
888 902
688 326
222 159
900 952
192 568
28 625
827 86
327 180
652 157
824 988
356 604
127 610
237 116
289 392
614 700
535 909
468 256
653 266
458 995
660 981
705 651
58 763
51 660
752 636
461 24
652 513
844 501
792 657
953 143
683 853
479 136
415 128
996 405
778 395
271 971
457 456
129 114
698 597
767 104
305 891
855 561
573 680
184 958
635 746
191 195
924 853
96 910
955 567
945 196
713 801
893 582
300 312
848 997
557 958
366 665
202 259
321 888
884 23
587 165
737 220
40 199
884 360
983 580
827 97
123 22
633 4
813 484
645 375
653 884
380 949
265 520
339 634
292 974
711 120
354 476
696 849
995 396
571 614
455 172
687 175
49 354
618 332
79 494
165 283
744 904
669 411
903 539
132 337
608 26
783 513
280 707
257 447
193 801
57 54
846 870
639 913
116 208
276 312
994 891
746 333
195 496
298 384
513 221
909 504
444 100
357 251
179 600
453 255
410 278
14 625
748 553
771 543
587 680
583 513
655 883
726 941
483 412
969 716
582 59
982 926
920 565
360 349
123 293
458 97
61 467
946 239
315 261
852 880
903 875
347 167
877 839
423 107
731 181
756 454
623 407
112 981
565 564
247 97
513 154
434 453
506 553
189 616
416 498
400 861
912 976
209 82
573 822
607 719
233 178
258 383
940 384
505 699
11 785
76 749
701 941
756 850
442 567
143 140
254 393
848 847
101 480
871 498
142 288
493 784
925 787
443 560
556 198
891 697
601 533
734 66
366 112
247 241
509 781
345 3
282 305
381 244
830 193
406 926
473 694
513 663
848 240
878 774
591 290
372 711
248 351
709 312
445 282
485 698
986 852
625 828
447 754
861 348
405 933
487 616
550 119
82 372
985 546
197 788
654 27
574 597
344 631
321 719
897 532
189 877
794 675
416 48
251 421
906 345
231 596
544 550
844 339
66 743
730 24
863 865
609 937
335 98
384 773
954 254
707 101
599 322
493 227
983 527
222 217
275 769
895 924
451 217
316 58
8 495
344 539
172 540
879 245
177 311
504 794
360 927
114 389
867 928
818 794
420 401
913 678
16 278
618 903
70 841
253 141
972 238
733 802
556 550
145 869
67 685
17 717
355 944
919 260
665 249
377 210
193 542
132 36
88 878
35 365
171 381
200 451
702 162
977 533
976 135
343 356
493 322
107 879
587 18
178 507
809 883
187 82
293 325
942 988
901 465
416 916
816 535
724 941
623 348
796 764
990 39
968 479
87 142
133 926
72 829
434 313
635 855
672 403
80 863
504 853
382 57
673 478
671 37
882 794
909 228
781 608
759 974
4 176
1 723
96 588
123 864
560 327
392 309
127 868
281 236
161 416
139 253
127 50
231 288
825 890
721 122
468 184
275 691
228 310
299 991
868 833
418 45
683 124
78 204
793 325
154 796
354 156
460 76
506 409
592 496
426 965
595 701
266 228
363 144
440 674
29 763
264 12
702 794
188 440
374 926
245 95
322 631
11 177
385 599
177 874
914 836
581 524
124 758
223 485
677 787
