983 656
160 841
503 553
669 616
71 117
939 86
565 164
22 119
362 782
770 209
844 60
349 311
391 61
815 688
764 74
901 645
938 588
895 516
229 860
334 614
380 747
986 767
911 539
531 127
393 750
55 340
498 837
283 155
728 436
829 871
408 764
306 376
951 849
739 432
526 173
269 10
565 228
737 340
118 258
849 119
246 10
732 116
688 985
876 330
859 778
678 717
308 706
346 632
415 151
748 846
50 181
529 597
978 1
294 221
131 753
870 528
122 459
914 306
301 798
358 563
21 327
530 2
259 252
14 164
265 574
481 38
850 322
524 807
980 872
962 849
517 672
683 658
996 826
609 470
385 325
83 527
232 923
360 599
442 811
190 597
821 958
468 311
741 717
316 711
10 947
85 689
844 576
656 988
924 133
865 422
453 527
289 461
355 470
114 332
203 933
802 730
107 47
275 530
395 239
18 558
