18 357
765 846
969 655
110 457
984 529
879 639
786 464
562 969
423 841
671 188
375 260
162 494
860 998
213 524
603 836
562 827
733 980
979 550
984 774
917 192
371 724
538 234
235 198
926 55
463 264
853 901
642 16
723 743
74 379
932 233
357 175
957 292
452 614
18 835
18 865
186 949
934 499
967 732
94 352
915 372
871 318
632 432
315 755
342 242
571 655
194 241
197 763
428 576
639 826
138 357
293 839
836 695
47 543
384 604
286 128
351 801
432 611
911 419
666 86
242 438
198 244
15 620
638 345
560 120
399 729
964 740
361 304
469 592
262 160
908 219
521 654
43 110
337 757
964 7
222 848
937 364
212 802
548 410
517 664
615 252
244 745
414 879
495 565
132 382
540 428
723 753
232 984
552 419
419 454
662 308
304 809
546 244
740 600
775 386
701 88
379 116
325 844
777 872
294 853
857 162
481 509
309 118
410 104
813 200
150 709
173 938
719 129
477 582
87 150
209 61
772 218
546 280
435 538
406 621
80 792
891 683
324 338
50 193
72 694
817 813
409 75
33 17
604 969
50 306
964 812
35 451
410 277
798 663
541 417
483 695
498 470
932 283
949 396
90 364
489 56
934 969
716 647
842 632
583 576
337 464
956 259
963 76
16 489
262 770
484 619
794 469
150 904
123 417
182 777
245 517
726 264
51 269
0 601
568 144
71 967
90 687
55 169
307 424
782 935
818 761
279 592
953 753
500 37
824 428
948 52
91 509
102 245
736 665
597 657
475 881
204 13
45 496
660 73
210 486
691 925
722 148
815 326
410 161
196 974
148 13
354 170
572 468
962 624
541 461
714 848
195 675
983 50
386 763
43 272
415 759
448 934
286 563
620 359
212 510
981 514
349 988
606 325
465 489
442 488
698 384
736 213
193 93
592 110
977 248
422 920
732 939
84 591
734 989
165 306
471 353
319 153
204 288
624 324
144 174
701 549
423 444
150 176
995 209
310 386
971 830
114 408
336 530
120 994
738 68
26 328
667 511
235 547
169 971
433 447
50 89
387 751
380 607
157 634
963 829
138 229
894 975
850 977
699 468
404 166
954 22
957 896
576 547
9 513
917 675
465 127
224 611
710 199
217 122
61 866
591 730
636 223
563 33
763 946
429 960
967 524
22 428
579 258
574 219
944 330
566 465
791 267
536 12
132 156
30 197
573 160
673 960
850 577
939 477
400 107
894 184
705 714
726 285
695 742
637 97
137 206
990 989
660 387
692 140
909 351
595 319
46 349
831 71
159 962
500 899
175 636
134 354
467 778
371 411
743 989
341 947
403 278
971 247
959 16
227 42
786 670
209 634
7 344
291 46
889 210
872 242
449 718
718 887
429 684
707 508
803 182
22 42
655 305
47 894
449 529
44 272
66 163
78 404
856 601
108 446
697 618
198 340
149 384
580 471
486 862
935 401
596 50
456 621
524 815
433 172
65 542
345 348
310 110
396 782
403 657
169 263
494 105
69 607
451 907
721 225
631 138
704 498
786 631
180 734
435 961
561 975
616 823
161 599
334 181
569 968
862 823
732 225
217 823
527 116
101 173
973 846
40 32
180 631
604 48
96 91
604 357
78 16
854 845
660 17
281 978
687 354
321 955
580 868
825 85
59 291
16 616
537 695
752 758
677 216
531 658
942 445
966 246
386 895
634 927
306 865
16 797
588 915
45 757
633 392
303 361
137 908
295 676
907 706
759 926
490 788
614 207
284 516
553 97
260 867
221 238
163 681
194 92
794 980
938 942
875 36
890 590
449 630
136 407
717 711
614 608
899 236
78 677
756 296
119 312
996 238
286 417
359 199
496 553
40 533
775 301
354 9
387 865
131 475
915 875
126 888
125 802
863 104
322 671
124 745
205 682
338 734
910 720
622 428
625 955
278 374
44 939
23 791
82 212
535 345
649 224
429 307
123 134
328 520
83 258
454 558
614 696
15 668
812 179
48 344
78 843
444 495
803 503
592 830
54 350
461 729
994 140
220 82
1 995
685 732
809 664
177 936
936 304
897 8
585 907
262 658
71 384
154 168
586 185
142 310
408 159
926 771
13 393
690 595
638 402
774 107
51 585
253 351
555 852
145 770
996 23
22 124
379 210
472 88
497 257
353 686
271 216
928 198
179 526
631 895
171 297
419 671
537 563
313 939
576 380
831 161
454 263
385 460
571 113
214 72
353 0
738 383
28 24
148 628
603 628
667 605
64 91
892 494
636 456
983 412
431 318
12 206
543 604
544 587
470 814
876 752
841 309
103 329
854 480
251 795
38 866
486 783
500 581
450 305
356 127
558 681
39 100
958 817
950 637
449 465
389 728
938 184
290 856
162 420
182 478
579 20
644 720
144 755
455 265
27 719
113 289
95 163
345 14
855 26
772 962
958 790
735 200
329 8
436 858
385 824
236 772
230 279
220 214
761 818
466 334
776 938
962 196
552 242
852 578
405 985
48 260
990 761
101 964
191 751
190 74
150 444
263 114
746 131
974 149
289 540
21 372
834 512
135 418
418 574
553 242
762 198
387 522
296 780
943 990
349 294
801 880
360 921
535 878
585 562
755 172
48 225
703 428
15 650
201 531
317 551
463 78
989 56
876 748
462 749
436 406
148 637
228 892
55 632
813 138
258 834
587 475
887 376
817 477
121 680
208 494
169 532
391 156
206 768
708 555
671 613
780 498
842 900
536 807
339 455
417 429
653 172
829 259
788 307
226 887
166 746
771 507
263 919
401 942
140 734
715 566
939 516
969 20
673 555
733 864
147 6
691 144
642 848
554 875
336 528
283 259
848 416
986 850
181 310
348 595
41 170
672 485
114 569
16 116
328 730
394 152
249 639
233 674
848 22
706 380
876 56
900 584
845 609
519 348
877 810
344 668
372 180
692 560
108 462
196 160
710 136
343 230
245 976
670 571
41 973
636 444
423 643
476 782
55 830
512 904
133 27
295 944
277 451
598 352
969 9
802 386
709 606
741 810
869 610
416 779
509 870
568 517
752 544
972 238
53 471
909 430
335 536
590 599
884 864
551 732
41 139
925 25
124 92
156 76
386 101
911 243
218 466
671 358
545 985
835 494
167 580
903 454
394 419
952 273
1 579
422 349
500 676
675 470
507 666
563 61
660 49
317 762
585 399
449 808
777 460
306 257
405 21
22 513
126 26
819 231
189 412
188 161
659 483
652 504
626 287
579 108
387 22
655 369
546 661
117 714
23 202
416 692
759 777
201 455
642 910
423 736
686 67
233 210
356 394
18 375
393 733
459 570
632 91
136 254
413 366
764 772
925 411
918 897
901 722
552 438
656 359
557 676
717 599
348 848
32 279
954 27
776 202
404 645
521 529
293 307
19 512
349 687
490 327
659 591
487 846
292 704
479 468
965 404
187 650
733 665
264 211
902 29
887 711
718 847
248 184
921 40
410 684
545 777
22 853
440 494
157 494
349 732
719 231
718 663
750 514
925 871
618 230
558 948
822 932
344 696
371 800
602 963
316 354
591 373
729 470
621 487
696 129
219 619
584 982
913 429
744 608
708 450
104 952
946 977
126 656
402 790
284 929
408 982
679 882
440 112
579 859
585 609
174 337
877 235
418 722
133 71
487 931
433 464
489 888
809 2
325 493
422 43
209 858
204 697
429 444
684 948
909 202
509 829
808 820
867 766
326 955
523 884
213 373
629 755
140 360
451 841
396 705
33 678
436 77
414 866
173 103
18 376
653 651
520 809
567 403
214 940
546 993
946 860
441 708
232 243
795 422
665 774
532 445
582 928
852 112
645 715
734 813
851 972
812 632
611 911
865 262
510 564
383 43
131 920
66 529
49 390
253 331
571 935
371 449
979 408
481 692
370 91
922 644
694 857
987 303
725 887
336 693
58 990
742 122
222 143
274 84
832 438
146 614
240 230
3 805
616 438
339 352
548 75
760 485
700 926
608 561
135 951
58 880
802 346
357 215
226 841
160 741
438 474
938 305
73 419
35 24
990 491
346 526
396 906
184 879
732 923
172 270
833 713
97 590
24 609
30 807
872 183
804 452
131 131
461 170
725 724
218 435
469 45
254 988
921 752
114 260
223 369
312 102
370 244
196 248
250 762
927 125
679 567
734 824
582 583
843 947
877 299
58 486
900 358
343 411
156 710
222 874
549 95
187 393
323 9
851 630
808 405
50 128
192 323
926 51
872 321
812 874
232 223
274 281
699 70
565 43
157 570
92 626
493 477
92 286
523 471
470 96
507 147
462 279
978 171
876 211
952 374
928 463
751 737
730 508
460 524
400 332
3 286
292 4
943 740
621 894
827 950
213 662
258 906
58 11
862 294
457 736
951 856
120 660
722 312
346 975
716 216
929 462
31 738
70 920
501 115
733 530
650 463
920 463
615 917
872 796
459 36
827 716
869 886
610 984
616 44
954 377
574 882
62 888
136 501
427 334
332 378
452 79
361 488
183 989
303 953
231 538
410 205
291 286
113 200
991 850
538 725
834 995