942 578
490 983
692 612
809 457
843 219
144 271
936 840
462 813
542 312
373 973
229 375
781 501
193 264
213 214
111 698
246 22
715 349
120 265
704 798
210 803
120 207
699 201
117 874
646 440
462 287
142 582
102 676
54 584
506 237
612 228
426 396
391 680
489 146
879 626
408 967
332 737
752 55
657 972
327 78
698 266
997 84
132 625
774 500
908 3
803 50
26 110
789 460
831 579
849 874
854 906
11 688
127 59
84 388
801 960
325 523
897 641
137 313
782 744
285 544
143 854
988 112
511 958
249 704
543 217
267 773
837 241
920 89
476 394
579 237
460 141
144 538
683 671
67 915
844 873
483 831
183 450
852 79
129 858
357 203
430 304
335 562
4 903
352 17
650 508
591 579
737 787
856 706
425 674
786 781
615 86
648 106
453 781
773 942
330 572
867 587
860 2
765 297
540 460
723 417
153 386
822 957
584 74
429 172
186 420
184 205
701 750
99 905
0 825
13 102
34 387
33 513
594 918
852 979
708 848
721 416
650 997
561 628
497 474
407 103
190 124
267 123
489 65
357 323
336 308
957 134
543 191
152 356
319 411
550 712
316 68
233 7
964 987
520 952
749 524
533 388
126 217
164 576
208 598
982 408
902 568
341 487
635 239
184 589
187 987
161 775
485 718
421 133
615 526
995 232
691 894
825 475
72 117
355 547
636 751
502 538
529 763
20 16
237 317
897 635
743 437
342 89
878 232
947 67
820 924
402 645
987 554
729 371
575 687
208 430
556 219
644 342
281 199
972 218
982 576
26 247
994 465
404 982
471 872
444 801
186 479
276 6
78 70
270 36
568 239
907 718
137 66
714 479
615 395
827 997
117 536
45 432
340 991
245 421
785 504
280 886
785 702
274 308
483 612
904 760
685 301
595 853
786 957
678 859
682 622
498 664
202 477
160 223
645 919
879 782
651 286
94 898
850 89
172 646
266 642
822 316
253 617
929 147
991 850
313 722
562 530
89 404
37 352
852 140
934 833
211 314
213 748
496 671
307 48
98 829
36 530
26 275
529 147
757 552
552 74
595 261
263 590
56 808
807 103
569 798
158 301
497 441
928 17
828 826
247 739
300 233
248 403
946 995
391 68
279 195
46 21
236 996
954 882
439 645
703 115
494 534
733 340
345 994
27 284
475 478
451 2
681 713
598 525
519 788
489 2
47 76
896 684
987 702
34 774
701 786
229 765
85 475
700 180
19 910
54 343
21 65
633 661
963 230
398 224
417 599
95 254
965 372
534 653
33 411
296 546
355 280
202 563
996 238
562 270
598 300
634 281
17 747
664 988
752 151
201 428
351 788
408 417
360 131
241 817
598 949
691 694
337 815
981 622
924 534
752 507
587 685
165 322
825 477
113 239
9 485
942 129
467 810
92 225
377 576
304 433
874 161
403 467
935 254
238 583
533 796
628 769
74 456
130 986
3 767
474 582
349 879
798 687
179 610
435 400
280 36
859 588
789 154
240 23
789 797
958 221
222 712
480 618
267 950
782 929
616 848
941 706
742 926
24 758
640 923
725 876
221 550
587 201
310 590
11 739
658 589
668 143
129 297
524 596
494 839
459 336
464 512
866 209
970 321
188 134
506 742
643 807
471 495
943 258
71 621
611 512
191 182
440 255
428 823
902 697
434 738
272 525
83 41
527 676
10 169
634 903
633 850
261 24
655 422
463 110
278 424
936 844
388 999
427 596
960 819
688 128
424 904
181 113
281 505
134 676
654 982
787 986
684 56
417 110
750 60
764 941
804 735
811 65
369 105
324 270
141 69
881 313
384 232
155 317
833 536
823 919
350 911
614 669
524 424
41 563
154 473
700 998
561 9
451 877
606 508
371 445
51 453
946 891
354 259
241 719
484 719
960 407
130 517
163 305
754 41
828 166
315 668
978 899
196 31
768 970
226 319
120 425
577 33
970 184
494 928
799 433
786 965
3 51
145 999
491 615
244 19
563 311
107 61
379 555
863 72
603 15
175 826
204 810
577 972
505 495
620 360
734 937
723 444
407 747
436 198
501 78
834 32
797 446
216 174
161 15
912 429
491 131
51 190
262 800
873 916
799 112
827 547
493 313
551 577
789 302
163 129
873 845
870 469
938 931
988 700
963 853
968 421
128 120
807 979
15 659
794 537
725 235
172 352
836 935
261 118
924 582
302 681
600 366
430 285
858 574
885 746
201 782
391 929
906 301
283 936
261 787
708 301
618 817
527 583
836 549
582 771
52 58
